0	1.000000000000000
0	0.398700345069013
1	0.285723425414211
2	0.219637200423223
3	0.186029174373215
4	0.148338498876926
5	0.144044568179570
6	0.096306700370234
7	0.210475899464321
8	0.065657016991054
9	0.153523221346477
10	0.055871778013718
11	0.114382550801867
12	0.055974858744483
13	0.070300373692467
14	0.056646597482780
15	0.067731525194027
16	0.055311358312276
17	0.184843608174360
18	0.033246825426307
19	0.078200096632390
20	0.038074465845982
21	0.124448536164602
22	0.032727690674133
23	0.054334561634762
24	0.066594100137096
25	0.025818123038418
26	0.113234609668903
27	0.027328155189433
28	0.046814355721152
29	0.040988533340657
30	0.027416662104130
31	0.028916830934617
32	0.033213479979246
33	0.023947503450987
34	0.033554775058281
35	0.034837111749978
36	0.038942514167782
37	0.022928215152394
38	0.062847966760930
39	0.017341436631127
40	0.048872960281187
41	0.018199036724285
42	0.043156529372388
43	0.017200720409037
44	0.046230657971664
45	0.018665152013453
46	0.054927088241995
47	0.018509165918620
48	0.055765067194487
49	0.024288918656576
50	0.027545318855278
51	0.031452775654565
52	0.018720318008165
53	0.034387709337273
54	0.012524967865352
55	0.040225154769100
56	0.017173270076771
57	0.022272485259580
58	0.029031294983597
59	0.014252575827159
60	0.051455410904729
61	0.012561900426447
62	0.027272260810326
63	0.013660885915623
64	0.047748923205657
65	0.014783193742198
66	0.030201458307571
67	0.012210769634136
68	0.055022211468638
69	0.012753041208493
70	0.032326307054552
71	0.010791330237227
72	0.064246049444540
73	0.007540193058265
74	0.061169313303914
75	0.025012631596972
76	0.010012369753276
77	0.060876449083661
78	0.014184650696195
79	0.015317985098146
80	0.027249082095319
81	0.012557150010534
82	0.052380724286288
83	0.014982050002897
84	0.016388526404780
85	0.022648563555991
86	0.013568609172878
87	0.043903462861170
88	0.013066607503436
89	0.021969907494627
90	0.012742228414994
91	0.018280702157008
92	0.013733145667510
93	0.014880237371056
94	0.018535021099291
95	0.009388909610031
96	0.028651648823948
97	0.005520255553738
98	0.036841030408680
99	0.008320269617808
100	0.019281170406316
101	0.005962995520670
102	0.031178426012886
103	0.006471637239488
104	0.006116083428799
105	0.017316057562017
106	0.008390142850723
107	0.021479140880686
108	0.008489023428089
109	0.020299123987118
110	0.009619665853877
111	0.018333739868067
112	0.009097883185759
113	0.009211114474531
114	0.014125729942862
115	0.012239218723269
116	0.015647730950157
117	0.016023711677680
118	0.006222940879036
119	0.030206998812607
120	0.005113874548049
121	0.006418948345238
122	0.018871864607893
123	0.007921915722656
124	0.021557485301689
125	0.007815182263731
126	0.023954284432486
127	0.007860753174610
128	0.029350328491277
129	0.006526069857891
130	0.032461230951955
131	0.009150978153142
132	0.014202657327832
133	0.006325193363030
134	0.026023771142157
135	0.007319304361828
136	0.018353843779675
137	0.006714810098272
138	0.019789123892319
139	0.008314236231024
140	0.012962323611755
141	0.006616644413074
142	0.017864383007171
143	0.019634520196972
144	0.006558981488764
145	0.017440884780761
146	0.006124929572869
147	0.015938172945489
148	0.006359625205038
149	0.015276240515210
150	0.005843217719750
151	0.015910207905592
152	0.005619221435317
153	0.015102562548634
154	0.006054835179302
155	0.012645720634156
156	0.008974040685182
157	0.008196594137120
158	0.007772849469099
159	0.064524573986337
160	0.006409529843785
161	0.036754288862572
162	0.004059492399868
163	0.005805192038971
164	0.017512866913760
165	0.006068633051092
166	0.012086249683293
167	0.004436670643201
168	0.015634562992201
169	0.013123390415762
170	0.004152596965231
171	0.013083838670912
172	0.007125942357682
173	0.006932689883138
174	0.006065972145145
175	0.067349411918628
176	0.017890680977238
177	0.006730208492558
178	0.014429201737706
179	0.005083287294759
180	0.004727281432447
181	0.005559937972489
182	0.004362010089122
183	0.004751722076514
184	0.003782301135146
185	0.005630022429573
186	0.004118458609367
187	0.004006845679578
188	0.003742326751018
189	0.003846374564118
190	0.005473404104783
191	0.004144480278232
192	0.005817316339117
193	0.008204996783947
194	0.003569832145646
195	0.007741152455014
196	0.004220102162984
197	0.119685943854366
198	0.007084858764746
199	0.016130899762521
200	0.003336438710095
201	0.010387645939311
202	0.003346833085681
203	0.002939023964659
204	0.005486660087235
205	0.005558403400143
206	0.006881872913471
207	0.003983637493431
208	0.004738541012756
209	0.005726125809167
210	0.003178326647781
211	0.002499029047821
212	0.005452443673512
213	0.004083052445217
214	0.003676818661214
215	0.033849985397347
216	0.010155311221027
217	0.008385928872138
218	0.004562177739544
219	0.010778003978907
220	0.004747940946592
221	0.022038966163204
222	0.008846772189243
223	0.007296861814006
224	0.017041136700631
225	0.002952896875218
226	0.047924550571489
227	0.004947450043775
228	0.005249070234074
229	0.004415649777822
230	0.007739163248538
231	0.002566328665834
232	0.020657459643920
233	0.007984122623604
234	0.007352421854798
235	0.013920101836449
236	0.003097549650205
237	0.051595371038989
238	0.004730582759850
239	0.014284356978828
240	0.003171032822231
241	0.044775701169202
242	0.009347931609996
243	0.005407434073502
244	0.016950493766297
245	0.003271348335212
246	0.033708631213224
247	0.011058159911282
248	0.003482485223976
249	0.036052263914171
250	0.004811225686479
251	0.011610714167647
252	0.004009863940915
253	0.016738358659575
254	0.004777390495622
255	0.010335767184665
256	0.004194370687369
257	0.012775400430581
258	0.005227938580803
259	0.007007485217717
260	0.004131223094370
261	0.011848131679157
262	0.004678410493418
263	0.008172321400126
264	0.003086868543177
265	0.024220120012690
266	0.005635295804143
267	0.005817381462421
268	0.009299803982052
269	0.002546922995492
270	0.017815427053615
271	0.003591165629335
272	0.018396668383362
273	0.002545715133018
274	0.017036316624214
275	0.004110563151705
276	0.011222550837628
277	0.002634925380424
278	0.022957690009978
279	0.007633171502113
280	0.002683412965545
281	0.027140051155469
282	0.004091730562863
283	0.006144281407691
284	0.005389724771636
285	0.002134315749718
286	0.038405883736379
287	0.002825675039130
288	0.016882923852488
289	0.002382052246041
290	0.026919999445329
291	0.002736548737284
292	0.017426594988268
293	0.003323587439522
294	0.013943703628569
295	0.002087433645493
296	0.027701183241891
297	0.008616792042467
298	0.003527691256956
299	0.008091900104587
300	0.002691250210521
301	0.013567558282558
302	0.004043883597841
303	0.007140233635919
304	0.002109289573201
305	0.019351769219221
306	0.008540026114351
307	0.002115755479008
308	0.018423500220038
309	0.007503630608404
310	0.002471576659228
311	0.011720010796249
312	0.004635131332871
313	0.002486853019445
314	0.011968284124687
315	0.001198257054633
316	0.070544114124914
317	0.008017087650580
318	0.001757537698449
319	0.016560518461735
320	0.004568867997043
321	0.001294953439298
322	0.006391681814415
323	0.001546127407231
324	0.002563485297289
325	0.002635064419422
326	0.001282765922597
327	0.016687596408584
328	0.003095103828224
329	0.001206081814655
330	0.001516293190843
331	0.001250027195579
332	0.002661719415298
333	0.001044302616005
334	0.001332559608316
335	0.003669349368126
336	0.001041394226499
337	0.001469036655861
338	0.007366583564316
339	0.000893445422495
340	0.001393490816420
341	0.019037086840709
342	0.002956973758754
343	0.001102912994408
344	0.018350258568765
345	0.003524998636537
346	0.000858610824114
347	0.005960341405741
348	0.001345794963620
349	0.001055813795367
350	0.015255483461640
351	0.002511099618088
352	0.000841192211998
353	0.004358034287517
354	0.001051450333851
355	0.001051138064574
356	0.014252519284168
357	0.001687649528828
358	0.005175203020820
359	0.001316017167482
360	0.001884105709027
361	0.008803396910251
362	0.001322228678400
363	0.002419434473295
364	0.006846493328361
365	0.000767977714932
366	0.010775776090996
367	0.001961845084212
368	0.001035775537559
369	0.013240746073912
370	0.003689627361144
371	0.001052469979884
372	0.009838826987390
373	0.001668503588020
374	0.001214987884173
375	0.010941461306999
376	0.002922838974269
377	0.001182878312443
378	0.012665233544537
379	0.003387691589938
380	0.001210019014057
381	0.016086304880091
382	0.003824616531946
383	0.000827856809498
384	0.005749845528313
385	0.001471957877878
386	0.001128358832928
387	0.019519623214197
388	0.004688463622469
389	0.000884456390710
390	0.003259615351074
391	0.001044717487300
392	0.006383796085829
393	0.001151099904643
394	0.001125307774541
395	0.016611009581810
396	0.004016344807590
397	0.001103469621815
398	0.002682109533389
399	0.000884257133026
400	0.006016333439380
401	0.001062339174108
402	0.001045909317747
403	0.013587148569092
404	0.003098123647199
405	0.000951664834681
406	0.002546472693560
407	0.000839630891899
408	0.002128278522560
409	0.001021499971808
410	0.001360367838359
411	0.001287676880234
412	0.001227390075506
413	0.001991936155369
414	0.000994391767031
415	0.002187278820978
416	0.001045392324017
417	0.001391456196221
418	0.001462058880088
419	0.000999770949614
420	0.012835185696126
421	0.000706283094346
422	0.001655652309289
423	0.001527726571441
424	0.000903118411200
425	0.015868431552920
426	0.003483419422399
427	0.000785965713668
428	0.003583555149447
429	0.000883534808076
430	0.002204848538744
431	0.000866120523610
432	0.014432318755290
433	0.002760180382383
434	0.000690292751239
435	0.005927739948546
436	0.001309104097866
437	0.000809983436965
438	0.007429604443927
439	0.001104966134045
440	0.001154167160020
441	0.001057790340362
442	0.000707353242790
443	0.000677061573110
444	0.000711232278135
445	0.000734620288495
446	0.001492815046708
447	0.000820546847210
448	0.000981005288568
449	0.000888101004078
450	0.024358222057569
451	0.001684452962344
452	0.001017675870112
453	0.004894107668327
454	0.000911616264612
455	0.000736655928121
456	0.001821867229301
457	0.000715783011486
458	0.000893719924108
459	0.000751241635767
460	0.000784468832446
461	0.002921701044417
462	0.001281767189822
463	0.001307730808303
464	0.001675704484646
465	0.001713699333839
466	0.001989396356016
467	0.000768867988672
468	0.003938799736533
469	0.001078731315850
470	0.000801540435221
471	0.003789642460722
472	0.000751604952974
473	0.001089410104236
474	0.002799024449247
475	0.000985573007544
476	0.003131301654705
477	0.001203023912870
478	0.003290302921584
479	0.001422139130320
480	0.002058255964787
481	0.001077363297564
482	0.003356329994674
483	0.001149794128773
484	0.002310318589402
485	0.000858457384373
486	0.005473146912042
487	0.000561859192580
488	0.001423220881901
489	0.000767744409508
490	0.008873249346417
491	0.000650416123913
492	0.000795025630351
493	0.002354339295224
494	0.000670165828069
495	0.000676871517138
496	0.000573990182384
497	0.000750296847851
498	0.000650677592999
499	0.000893539635604
500	0.000764884535529
501	0.000805011137400
502	0.001378055913073
503	0.000694206236901
504	0.000841430594099
505	0.002974983045529
506	0.001150104108025
507	0.001046118875163
508	0.001239901742332
509	0.001097820192297
510	0.001851027752716
511	0.000804254803451
512	0.002342221768470
513	0.001031154492664
514	0.001044503448938
515	0.001459764746683
516	0.000556811941280
517	0.000661098772120
518	0.000710927224665
519	0.000936731627158
520	0.000697110512567
521	0.002610320879649
522	0.000537812735418
523	0.000597766448927
524	0.001400612888243
525	0.000665560155708
526	0.001150192617840
527	0.000690527578616
528	0.008691497196332
529	0.001164860330487
530	0.000582408787570
531	0.001416205071422
532	0.000573458683310
533	0.000664831118876
534	0.002344029494895
535	0.000850182584292
536	0.000734438474567
537	0.008057863673730
538	0.001530692780687
539	0.000619775829521
540	0.000694729900912
541	0.000760654167528
542	0.000539425139931
543	0.001156071737855
544	0.000768165815003
545	0.000969785084866
546	0.000855611645654
547	0.001043878602418
548	0.001135640194436
549	0.001174586190037
550	0.000927653593379
551	0.002194147716734
552	0.000649476351947
553	0.001971545187728
554	0.000855548927109
555	0.001821175672483
556	0.000849201582879
557	0.001339221717216
558	0.000748246298329
559	0.003380856967913
560	0.000470195127623
561	0.000885947480440
562	0.000646709493617
563	0.003170371144019
564	0.000512680773783
565	0.000628929188033
566	0.000591990552148
567	0.000525487536570
568	0.000619314905752
569	0.000929781187671
570	0.000831283196633
571	0.000927870634558
572	0.000730311671923
573	0.002755345032503
574	0.000665393739132
575	0.000693706807726
576	0.004607055127439
577	0.000562536957799
578	0.000604747944754
579	0.002868537482869
580	0.000902031628112
581	0.002333297886636
582	0.001256428192238
583	0.003028102751476
584	0.000431153803833
585	0.000846517248718
586	0.000622981859223
587	0.000717685943832
588	0.002123433361780
589	0.000794311991570
590	0.000966629970590
591	0.000789432785235
592	0.003177252603955
593	0.000441654325783
594	0.000601791873758
595	0.001035997613190
596	0.000626253361159
597	0.002222812132861
598	0.000655145349009
599	0.003940259608957
600	0.001513711816658
601	0.000865888013728
602	0.001304667436854
603	0.000638708385811
604	0.000451855718867
605	0.000581242134634
606	0.001108796527686
607	0.000548389980202
608	0.004525505806155
609	0.000993352862771
610	0.001727691295041
611	0.000674884959229
612	0.001930956860237
613	0.000638910389167
614	0.001000410528476
615	0.001089594056111
616	0.000768414802370
617	0.002703480544133
618	0.001007213899082
619	0.001510024648958
620	0.000929613529058
621	0.001217726736422
622	0.001529203453837
623	0.000527396796666
624	0.005077365266731
625	0.001145009399849
626	0.000837590312701
627	0.001811364067723
628	0.000654370187711
629	0.003770905390184
630	0.001124643477719
631	0.000710750280492
632	0.004005484857664
633	0.000904180946039
634	0.001537938358155
635	0.000701481363235
636	0.001195721236497
637	0.000771298772351
638	0.002474387297754
639	0.000809280793766
640	0.002008262125685
641	0.000789284450040
642	0.001541719230939
643	0.000758979484370
644	0.001588097625116
645	0.000697606528926
646	0.001191955133094
647	0.000631420003477
648	0.001189332774353
649	0.000623982828493
650	0.001388521011764
651	0.000705485076070
652	0.002943640856510
653	0.000451503449450
654	0.001542467563151
655	0.000708469680776
656	0.000596299954190
657	0.003716684550464
658	0.000652262242653
659	0.001424448163736
660	0.000614901495384
661	0.002129272879280
662	0.000531535971189
663	0.005402861548021
664	0.000378771000090
665	0.003184119954891
666	0.000459237763248
667	0.001851827701619
668	0.000490075881348
669	0.007222834040384
670	0.000359782730836
671	0.001660433951229
672	0.000490196714263
673	0.007104753324630
674	0.000574948395333
675	0.000481950848780
676	0.001911835536193
677	0.000467049530177
678	0.001308419251727
679	0.000598937091978
680	0.000860493633342
681	0.000593151127346
682	0.003761051878393
683	0.000359845712281
684	0.000979781002773
685	0.000510643547945
686	0.000804514571563
687	0.000422974392815
688	0.000642644842138
689	0.000486247655603
690	0.000543751534108
691	0.001286362578207
692	0.000492308898133
693	0.001610469653927
694	0.000327076359625
695	0.000398377493456
696	0.000503755798175
697	0.000483220293147
698	0.001711901694021
699	0.000737086672984
700	0.003601316167263
701	0.001370356293472
702	0.000665705085462
703	0.005862108885415
704	0.000610347777897
705	0.001009607973196
706	0.003636337240249
707	0.000502538215258
708	0.001380502836148
709	0.001036534747081
710	0.000675218124707
711	0.008429584763411
712	0.001401178872638
713	0.000842535137672
714	0.007306338637078
715	0.001345334416464
716	0.000623183930734
717	0.001196424617226
718	0.000428720689583
719	0.002629453855397
720	0.000638404581553
721	0.004048645070114
722	0.001142863475350
723	0.001270050545426
724	0.001963768509206
725	0.000569800656227
726	0.010701775326000
727	0.001880972568076
728	0.000427933799009
729	0.017006385342318
730	0.002218682258409
731	0.000356258244660
732	0.021316793738987
733	0.002951410279028
734	0.000944179869403
735	0.001476649500197
736	0.000296228032742
737	0.009300052617776
738	0.000826571582725
739	0.000559168552692
740	0.000383677637639
741	0.000328402938632
742	0.000261608081501
743	0.000295462104196
744	0.000426577834703
745	0.000378361627121
746	0.000544499156917
747	0.000526783523399
748	0.000481981702786
749	0.000331203871412
750	0.000256801412187
751	0.000275384712685
752	0.000310852088507
753	0.000284019123045
754	0.000715832317064
755	0.000388498191316
756	0.000415863265771
757	0.000562045929643
758	0.001438735978158
759	0.000478184319643
760	0.001047404560090
761	0.000733875372256
762	0.001018249618513
763	0.000605035485212
764	0.002339733338814
765	0.000288674532731
766	0.000353106411234
767	0.000312792821248
768	0.000306595505529
769	0.000312718096913
770	0.000277566562683
771	0.001068067758210
772	0.000508633524204
773	0.000370253193318
774	0.000402800405191
775	0.001193760516191
776	0.000490118373777
777	0.000411664353873
778	0.000522929491396
779	0.001010012671361
780	0.000362390105807
781	0.000597976703469
782	0.000361937923276
783	0.000270633006807
784	0.000298896550219
785	0.000379884561917
786	0.000843302240080
787	0.000367696168334
788	0.000477388740309
789	0.001786355564522
790	0.000796170053221
791	0.000966173580819
792	0.002510313768463
793	0.000406913611401
794	0.002924940841906
795	0.000907630230821
796	0.000949138639506
797	0.001131642142747
798	0.000563568265034
799	0.005883940847347
800	0.001087187638923
801	0.001297482528788
802	0.000872530250249
803	0.000262329455220
804	0.000295272030442
805	0.000326437672025
806	0.000311787627034
807	0.000269954576951
808	0.000235232840661
809	0.000270733839092
810	0.019643726640543
811	0.005607799083469
812	0.000481976154868
813	0.002004433720635
814	0.000590741483892
815	0.001853956110504
816	0.000742303758147
817	0.001139929927368
818	0.000954728167217
819	0.000576271323804
820	0.003081262462475
821	0.000603164356030
822	0.000363442183543
823	0.005317240944990
824	0.000814367228375
825	0.000424080800069
826	0.016264139200857
827	0.002048689810571
828	0.000211379236202
829	0.004641173694319
830	0.001109448047634
831	0.000259392576851
832	0.000765031389354
833	0.000335273926980
834	0.000490793189810
835	0.000394115432025
836	0.000359737044419
837	0.000340552489257
838	0.000327087558025
839	0.000359273802184
840	0.000547458269761
841	0.000326947922549
842	0.000398991251479
843	0.001274616401975
844	0.000423833075303
845	0.000348099789911
846	0.000490327457981
847	0.000554758887189
848	0.002050943420933
849	0.000513647503421
850	0.000927991513614
851	0.000920671584053
852	0.000273727219282
853	0.000581060204712
854	0.000347237066125
855	0.000495259374399
856	0.002341324664282
857	0.000818902510147
858	0.000501836687926
859	0.001160832023544
860	0.000635942627933
861	0.000737115156420
862	0.000355332745794
863	0.000523886943972
864	0.000341829386142
865	0.000484060932564
866	0.000515912227382
867	0.000250553689246
868	0.000435290059605
869	0.000613339961918
870	0.000281430352415
871	0.000972317619052
872	0.000462788390220
873	0.000360988369727
874	0.000446305727883
875	0.000229739339659
876	0.000186173380483
877	0.000183762743572
878	0.000208078233429
879	0.000357303492877
880	0.000327869084480
881	0.001360722299692
882	0.000298611034992
883	0.001028284643377
884	0.000485446217113
885	0.000474834512956
886	0.004054805705875
887	0.000222879164330
888	0.000473589884791
889	0.000453421034447
890	0.000227786360293
891	0.000243394330485
892	0.001019332755678
893	0.000333260952684
894	0.000353953861637
895	0.000332454191108
896	0.000209484565449
897	0.000198791696356
898	0.000170272262747
899	0.000188679093036
900	0.000208230267321
901	0.000256055656283
902	0.000480030682348
903	0.000582850292741
904	0.000304328096706
905	0.003961003341478
906	0.001751538096514
907	0.000405756409212
908	0.000815243157222
909	0.000353287391930
910	0.000336167370638
911	0.000303640791195
912	0.000524030912565
913	0.000755450634567
914	0.000377020817664
915	0.003646500532290
916	0.000705585841378
917	0.001017093612496
918	0.000880385717676
919	0.000190496698226
920	0.000398945001904
921	0.000241866818205
922	0.000280909002365
923	0.000305300469064
924	0.000513419118142
925	0.000192809762483
926	0.000202487748445
927	0.005749724750815
928	0.001746359296824
929	0.000200243172302
930	0.002313663369813
931	0.000942849463765
932	0.000330290035176
933	0.002348086628323
934	0.000842716652880
935	0.000263477531244
936	0.010597813191703
937	0.001517188489285
938	0.000244691779686
939	0.010521421811339
940	0.000374429234828
941	0.000422458084693
942	0.003451510358491
943	0.000879399321528
944	0.000248653265868
945	0.007357570053592
946	0.000734148601703
947	0.000222610719158
948	0.003428753263745
949	0.000736367790225
950	0.000176980169330
951	0.000318506507416
952	0.000247057826433
953	0.000840465139444
954	0.000226306827091
955	0.000182825048968
956	0.000174115941608
957	0.003174366891407
958	0.001471591483546
959	0.000331157512549
960	0.000432147732890
961	0.000193964942962
962	0.000472339518240
963	0.000245153500059
964	0.000409588161101
965	0.000343687833179
966	0.004061264326472
967	0.000272263006341
968	0.000368236435346
969	0.000255337781926
970	0.000178183799681
971	0.000249602563454
972	0.000279557377343
973	0.001208000027150
974	0.000222902794448
975	0.000412386474059
976	0.000745856831183
977	0.000209699617521
978	0.000494298430462
979	0.000584395258463
980	0.000259243828535
981	0.001535133856737
982	0.000690637192614
983	0.000217734048383
984	0.004644059560326
985	0.001434657172439
986	0.000160003890245
987	0.003088871299131
988	0.001370185884495
989	0.000412405182412
990	0.000412222180335
991	0.003027855696155
992	0.000373064981323
993	0.000446675904929
994	0.002888625750906
995	0.000447369054865
996	0.000257798046885
997	0.004554525130998
998	0.000407137082543
999	0.000397435629130
1000	0.002015877415040
1001	0.000182642851985
1002	0.000806604551550
1003	0.000281436969471
1004	0.001680756095438
1005	0.000329772489028
1006	0.000255884524956
1007	0.000432827737051
1008	0.000149416366931
1009	0.000140786843640
1010	0.000138614174159
1011	0.000113348397877
1012	0.000131116211028
1013	0.000130207363291
1014	0.000148150125537
1015	0.000180521244743
1016	0.003628749888841
1017	0.001636563789550
1018	0.000480922585113
1019	0.000416799518133
1020	0.000181917914908
1021	0.000570305177482
1022	0.000223998686902
1023	0.000321510287313
1024	0.000263470062929
1025	0.000328000849618
1026	0.000631726805763
1027	0.000315490783503
1028	0.000675920830294
1029	0.000242297414350
1030	0.000142367749385
1031	0.002301426814134
1032	0.000234923566600
1033	0.000257166005717
1034	0.000139593604017
1035	0.000135971421646
1036	0.000114225765250
1037	0.000439536024481
1038	0.000160061089948
1039	0.000202693350614
1040	0.000680548929592
1041	0.000291465616504
1042	0.000472858619740
1043	0.000764176017291
1044	0.000232184487224
1045	0.001504818452334
1046	0.000544796615171
1047	0.000320308199290
1048	0.000203181516588
1049	0.000202101809999
1050	0.000177287389086
1051	0.000177180715683
1052	0.000178003091461
1053	0.000151438164455
1054	0.000096759063458
1055	0.000120656844663
1056	0.000130227051497
1057	0.000132551549867
1058	0.000133935152552
1059	0.000128235708863
1060	0.000139764689023
1061	0.000106072776775
1062	0.002424304684630
1063	0.000700676984530
1064	0.000157443655054
1065	0.000361426571680
1066	0.000284974670246
1067	0.000274824019802
1068	0.000191636799270
1069	0.000356824792300
1070	0.000262835392123
1071	0.000291712849798
1072	0.000177756199326
1073	0.000192438984371
1074	0.000148131761130
1075	0.000131153667556
1076	0.000127273891128
1077	0.000142922262068
1078	0.000576392784223
1079	0.000235696917008
1080	0.000457420493268
1081	0.000222139981619
1082	0.001197763759272
1083	0.000208002727446
1084	0.000557697689038
1085	0.000395493811546
1086	0.000194602086710
1087	0.001667824984513
1088	0.000113977018632
1089	0.000170633247140
1090	0.000115869305696
1091	0.000117923481351
1092	0.000094162221614
1093	0.000157071355359
1094	0.000200155924137
1095	0.000139784865123
1096	0.000186648576917
1097	0.001246991273309
1098	0.000581632696940
1099	0.000158414284589
1100	0.001668013275060
1101	0.000761015965775
1102	0.000169028732587
1103	0.000957965866200
1104	0.000357632392224
1105	0.000249451625766
1106	0.000935257721407
1107	0.000152133413541
1108	0.000881202278152
1109	0.000269756894533
1110	0.000709525127297
1111	0.000245956827945
1112	0.000385134558700
1113	0.000453292984164
1114	0.000165501493023
1115	0.001886422257963
1116	0.000618901286317
1117	0.000128168855936
1118	0.003969536012149
1119	0.000820268287586
1120	0.000135653740639
1121	0.004308156918324
1122	0.000307702841620
1123	0.000200021717970
1124	0.001342922627647
1125	0.000117683891415
1126	0.000781990869388
1127	0.000183236137459
1128	0.000453356339611
1129	0.000135463256052
1130	0.000646014736883
1131	0.000106884737380
1132	0.001466235733024
1133	0.000413502936066
1134	0.000130274740769
1135	0.001012261246080
1136	0.000154730488543
1137	0.000472515641486
1138	0.000323120087119
1139	0.000160915533196
1140	0.002441983812548
1141	0.000139916261615
1142	0.000255542111403
1143	0.000184866869797
1144	0.000122774953255
1145	0.000140509033945
1146	0.000187478712778
1147	0.000142301559294
1148	0.000324528706741
1149	0.000120924337134
1150	0.000125911461473
1151	0.001844153948620
1152	0.000563994431213
1153	0.000146834544445
1154	0.000354352286794
1155	0.000340910538234
1156	0.000141896642073
1157	0.000278834473597
1158	0.000157515560556
1159	0.000213263141498
1160	0.000752793407162
1161	0.000228156250639
1162	0.000238993784380
1163	0.000134265738300
1164	0.000153646559592
1165	0.002047649734983
1166	0.000648020256943
1167	0.000171438321106
1168	0.000623702340714
1169	0.000215086916238
1170	0.000520882906464
1171	0.000241867287437
1172	0.000416266425062
1173	0.000161050565284
1174	0.000889881980589
1175	0.000136837312656
1176	0.001311797391997
1177	0.000422424518153
1178	0.000368849388519
1179	0.000182257416052
1180	0.001098310745605
1181	0.000462980784361
1182	0.000199560383047
1183	0.000421396676278
1184	0.000252383965722
1185	0.000343318729954
1186	0.000162487429957
1187	0.000649423806265
1188	0.000163834345469
1189	0.000469813820303
1190	0.000119838016444
1191	0.000874692397540
1192	0.000141878854385
1193	0.000935035828655
1194	0.000253285779699
1195	0.000526508248068
1196	0.000185236178622
1197	0.000566447064798
1198	0.000236299403771
1199	0.000427204363208
1200	0.000134779480188
1201	0.000802068195221
1202	0.000145723237139
1203	0.000531007812716
1204	0.000123926276393
1205	0.000677674315463
1206	0.000135013143589
1207	0.000599511780324
1208	0.000132320833625
1209	0.000571115702779
1210	0.000108385647737
1211	0.000832903365781
1212	0.000187791046926
1213	0.000277417436991
1214	0.000120690713224
1215	0.000120882415387
1216	0.000428950763484
1217	0.000110844514849
1218	0.000106159143086
1219	0.000624825771858
1220	0.000148939477380
1221	0.000108558114438
1222	0.000259907286739
1223	0.000119028314713
1224	0.000183638761044
1225	0.000114496043960
1226	0.000589371547765
1227	0.000071244894166
1228	0.000125207738334
1229	0.000608628392527
1230	0.000093015185238
1231	0.002189834326574
1232	0.000657892024360
1233	0.000179078548264
1234	0.000556585771573
1235	0.000189431129878
1236	0.000257524641923
1237	0.000154346674501
1238	0.000307122591860
1239	0.000144209060441
1240	0.000309130906443
1241	0.000135629125046
1242	0.000322658010047
1243	0.000149184037235
1244	0.000200356191953
1245	0.000368586204029
1246	0.000134834729130
1247	0.000706908141332
1248	0.000099941375258
1249	0.000576852442584
1250	0.000247812972358
1251	0.000113744781382
1252	0.000266912479844
1253	0.000128443201279
1254	0.000191749451358
1255	0.000120228361176
1256	0.000428931874723
1257	0.000116732052838
1258	0.000209447863938
1259	0.000227388762626
1260	0.000090990659229
1261	0.000827406180223
1262	0.000110750762511
1263	0.000207171551047
1264	0.000183446592539
1265	0.000076089979724
1266	0.000524908141967
1267	0.000086901300835
1268	0.000094891051108
1269	0.000056865044490
1270	0.000209044270147
1271	0.000070463990952
1272	0.000052733074802
1273	0.000148030710818
1274	0.000075236505763
1275	0.000087820135579
1276	0.000374717143237
1277	0.000074490567565
1278	0.000068016908989
1279	0.000384942266685
1280	0.000087958978442
1281	0.000072208409365
1282	0.000123312867757
1283	0.000068939719877
1284	0.000098346145778
1285	0.000083815729082
1286	0.000199482646040
1287	0.000080111927011
1288	0.000148286969025
1289	0.000083022717951
1290	0.000249103253899
1291	0.000072709631767
1292	0.000060090936237
1293	0.000087440577248
1294	0.000118531935793
1295	0.000064506508044
1296	0.000641289735715
1297	0.000157711309325
1298	0.000066900756300
1299	0.000183172243178
1300	0.000071195848090
1301	0.000138590231494
1302	0.000064654068194
1303	0.000073045834585
1304	0.000076063640585
1305	0.000103071778379
1306	0.000061165267298
1307	0.000227167398584
1308	0.000083820790914
1309	0.000433774858033
1310	0.000120501033768
1311	0.000096788375328
1312	0.000321653628673
1313	0.000058364187399
1314	0.000052454335746
1315	0.000164050072097
1316	0.000091778498822
1317	0.000538593626247
1318	0.000078027605390
1319	0.000111822909045
1320	0.000134665626428
1321	0.000164216888904
1322	0.000150789961321
1323	0.000142044969932
1324	0.000207150208388
1325	0.000097598898439
1326	0.000306808252667
1327	0.000142993644663
1328	0.000095047960777
1329	0.000893967801686
1330	0.000081653077142
1331	0.000419459204151
1332	0.000085228353156
1333	0.001160961912791
1334	0.000199736590127
1335	0.000056268103059
1336	0.002075692412149
1337	0.000357790275050
1338	0.000049403143868
1339	0.001659451857395
1340	0.000480759302990
1341	0.000052764869939
1342	0.000461760174955
1343	0.000194860028634
1344	0.000081336787112
1345	0.000627453913920
1346	0.000186908544604
1347	0.000060828984941
1348	0.001461472879541
1349	0.000248535910646
1350	0.000048712450770
1351	0.002083804074634
1352	0.000436204603410
1353	0.000044510036150
1354	0.001195549043721
1355	0.000518321370258
1356	0.000080613618553
1357	0.000121252842888
1358	0.000375744800177
1359	0.000072361747373
1360	0.001744978441888
1361	0.000280215798352
1362	0.000055871792332
1363	0.001681349690994
1364	0.000151594990737
1365	0.000060725969138
1366	0.001479252481179
1367	0.000234742943994
1368	0.000072911291572
1369	0.000912668364762
1370	0.000269595277181
1371	0.000085030339403
1372	0.000557095269245
1373	0.000109795033007
1374	0.000428813483632
1375	0.000109690128829
1376	0.000257252278169
1377	0.000072830703462
1378	0.000383990830757
1379	0.000134814225051
1380	0.000087048440152
1381	0.000735196864306
1382	0.000160977848704
1383	0.000086911437807
1384	0.000714187669778
1385	0.000171556553317
1386	0.000051545487738
1387	0.001519507100630
1388	0.000241071511055
1389	0.000044205435129
1390	0.001504915776569
1391	0.000313619449582
1392	0.000040369255807
1393	0.000866108127182
1394	0.000315465200820
1395	0.000047678038799
1396	0.000415082852724
1397	0.000182622278473
1398	0.000071203510522
1399	0.000286995224975
1400	0.000125588286986
1401	0.000072838458012
1402	0.000649876680026
1403	0.000104001697382
1404	0.000217901378721
1405	0.000059916758463
1406	0.000723717727753
1407	0.000211183292243
1408	0.000066283989590
1409	0.000504021148262
1410	0.000145701002847
1411	0.000087426545514
1412	0.000272018154430
1413	0.000081875566214
1414	0.000118567617559
1415	0.000239918022548
1416	0.000065584924859
1417	0.000176435137709
1418	0.000078842857684
1419	0.000482689118502
1420	0.000096444692862
1421	0.000066657376993
1422	0.000699087672949
1423	0.000095073319592
1424	0.000167101495439
1425	0.000075837946040
1426	0.000387055741961
1427	0.000075083459972
1428	0.000139002179188
1429	0.000126941356086
1430	0.000067559223723
1431	0.000745296425904
1432	0.000096015868158
1433	0.000087497082029
1434	0.000462648166507
1435	0.000113792812048
1436	0.000065959792232
1437	0.000572545190730
1438	0.000110162574411
1439	0.000250839526380
1440	0.000084933806364
1441	0.000254490455187
1442	0.000082640045993
1443	0.000091189523076
1444	0.000392248223163
1445	0.000066357419130
1446	0.000217171302942
1447	0.000066832091697
1448	0.000657231290072
1449	0.000156304486380
1450	0.000045511486361
1451	0.001226551836488
1452	0.000216649910707
1453	0.000044694038534
1454	0.000979119944028
1455	0.000209604781489
1456	0.000042424027886
1457	0.001241410566859
1458	0.000152751212411
1459	0.000037506490181
1460	0.000893023118537
1461	0.000139702474982
1462	0.000042661195757
1463	0.000295904239900
1464	0.000062138363564
1465	0.000091583563898
1466	0.000065478561832
1467	0.000129303950984
1468	0.000057859666775
1469	0.000274588608655
1470	0.000093625800670
1471	0.000061948334496
1472	0.000571514520709
1473	0.000042916397031
1474	0.000432372670516
1475	0.000072430583938
1476	0.000174048413715
1477	0.000055518280293
1478	0.000338040406429
1479	0.000057795198195
1480	0.000638978132429
1481	0.000093706511708
1482	0.000064989179471
1483	0.000372911593733
1484	0.000080695121184
1485	0.000218262680048
1486	0.000057484941423
1487	0.000130469109176
1488	0.000102853770826
1489	0.000060812806611
1490	0.000585013668825
1491	0.000048072404321
1492	0.000118691930213
1493	0.000114948332869
1494	0.000048757916678
1495	0.000361111821249
1496	0.000098395514327
1497	0.000080230100896
1498	0.000067741760038
1499	0.000043901988106
1500	0.000038998255303
1501	0.000036696627180
1502	0.000043483374928
1503	0.000051635567105
1504	0.000101343832379
1505	0.000061935442829
1506	0.000190737333503
1507	0.000058874100134
1508	0.000210736402735
1509	0.000076631084378
1510	0.000142611493361
1511	0.000067963853000
1512	0.000203520449109
1513	0.000094790848598
1514	0.000077561179396
1515	0.000228454298430
1516	0.000037496108849
1517	0.000038234812733
1518	0.000328359913025
1519	0.000109440141344
1520	0.000046325498021
1521	0.000174532578716
1522	0.000041597901270
1523	0.000143487690595
1524	0.000050251196742
1525	0.000326858414438
1526	0.000098696002430
1527	0.000077595253100
1528	0.000103177159617
1529	0.000065822397279
1530	0.000083517872978
1531	0.000057327747480
1532	0.000053101600276
1533	0.000038964297134
1534	0.000026525954068
1535	0.000037235885269
1536	0.000071409608608
1537	0.000039834715958
1538	0.000044710653404
1539	0.000040403350414
1540	0.000044279304058
1541	0.000049872888315
1542	0.000061292683323
1543	0.000052767767765
1544	0.000038422013624
1545	0.000049021011145
1546	0.000034312816891
1547	0.000038991357977
1548	0.000035783465758
1549	0.000063753505096
1550	0.000039512210335
1551	0.000107050134196
1552	0.000049206597525
1553	0.000416346410163
1554	0.000054162147361
1555	0.000123499327991
1556	0.000045132735941
1557	0.000128214442030
1558	0.000038832463592
1559	0.000062956778016
1560	0.000052491068649
1561	0.000029642570004
1562	0.000120540352189
1563	0.000036039832485
1564	0.000048194892825
1565	0.000037812089101
1566	0.000038827338293
1567	0.000139988614775
1568	0.000049364869022
1569	0.000055528180759
1570	0.000047263194036
1571	0.000027485997562
1572	0.000067938402248
1573	0.000037590391642
1574	0.000036483069744
1575	0.000069047387835
1576	0.000122492152010
1577	0.000037381788073
1578	0.000081707804713
1579	0.000069463057932
1580	0.000052935593911
1581	0.002645207666585
1582	0.000203277461088
1583	0.000051809145975
1584	0.000053737283750
1585	0.000031913895021
1586	0.000028844649788
1587	0.000036650335974
1588	0.000036169281201
1589	0.000035883788259
1590	0.000041160961193
1591	0.000039361059978
1592	0.000026623429585
1593	0.000053191398601
1594	0.000034017628016
1595	0.000038583930791
1596	0.000034650293010
1597	0.000039088754207
1598	0.000048325934075
1599	0.000080039255989
1600	0.000046413212684
1601	0.000107883721001
1602	0.000037546450860
1603	0.000091925582371
1604	0.000039986080616
1605	0.000148979736069
1606	0.000052954132070
1607	0.000031573810244
1608	0.000253376290756
1609	0.000068978283107
1610	0.000038335632237
1611	0.000228156729105
1612	0.000028089218117
1613	0.000311784181820
1614	0.000133730799192
1615	0.000039296323361
1616	0.000251246298620
1617	0.000089779361784
1618	0.000035411870320
1619	0.000900563834325
1620	0.000173763560974
1621	0.000035401171292
1622	0.000378045003465
1623	0.000074113420750
1624	0.000031916506732
1625	0.001354842867148
1626	0.000268265815180
1627	0.000048575376381
1628	0.000210506372447
1629	0.000040786533677
1630	0.000169426528933
1631	0.000047122004429
1632	0.000150493320082
1633	0.000045625808820
1634	0.000106017657935
1635	0.000040719324525
1636	0.000504950016224
1637	0.000109228966494
1638	0.000025058683196
1639	0.000777859486324
1640	0.000180503802509
1641	0.000036319570878
1642	0.000682747791393
1643	0.000037425512588
1644	0.000154235904734
1645	0.000043337045090
1646	0.000157420217486
1647	0.000036938154322
1648	0.000046010049165
1649	0.000251178936988
1650	0.000038416935075
1651	0.000032464508323
1652	0.001041442442353
1653	0.000074609814933
1654	0.000053717799417
1655	0.000060886516309
1656	0.000106902262080
1657	0.000074091965002
1658	0.000086955250868
1659	0.000115255925667
1660	0.000068742266794
1661	0.000945970760155
1662	0.000018643155240
1663	0.000494421584508
1664	0.000139641622371
1665	0.000065248369725
1666	0.000051042126134
1667	0.000092313706274
1668	0.000031589722537
1669	0.000044060076300
1670	0.000081554680339
1671	0.000038339085411
1672	0.000121502115363
1673	0.000033832467221
1674	0.000188216536454
1675	0.000087552025482
1676	0.000033412439172
1677	0.000118732140493
1678	0.000037205451790
1679	0.000103343757015
1680	0.000038890992263
1681	0.000048034750079
1682	0.000033345870332
1683	0.000043028283507
1684	0.000032935150757
1685	0.000021389314711
1686	0.000042007150675
1687	0.000026902768141
1688	0.000039961518764
1689	0.000033118092446
1690	0.000021341138021
1691	0.000025998461085
1692	0.000025163001988
1693	0.000027156600607
1694	0.000043638264509
1695	0.000032545027676
1696	0.000101418998518
1697	0.000037982963517
1698	0.000168284994282
1699	0.000076027589766
1700	0.000036676115916
1701	0.000338783735128
1702	0.000043258296972
1703	0.000107442856724
1704	0.000039103243447
1705	0.000192059419026
1706	0.000073535228267
1707	0.000041529677817
1708	0.000142617143725
1709	0.000038051549494
1710	0.000122060614031
1711	0.000029700645822
1712	0.000170216842358
1713	0.000042292392031
1714	0.000072030377054
1715	0.000036984988075
1716	0.000108810946835
1717	0.000029932664595
1718	0.000140111743281
1719	0.000041874853162
1720	0.000063939166767
1721	0.000037111564149
1722	0.000089061255857
1723	0.000029694414657
1724	0.000129109436224
1725	0.000040098366285
1726	0.000057745405126
1727	0.000040697464796
1728	0.000057859547000
1729	0.000036601356197
1730	0.000089642915875
1731	0.000032361924279
1732	0.000079904093913
1733	0.000031670647146
1734	0.000137838119201
1735	0.000024990573449
1736	0.000117863659782
1737	0.000036592155266
1738	0.000190818452238
1739	0.000036247553052
1740	0.000063740701527
1741	0.000300217947505
1742	0.000017687177678
1743	0.000355547818613
1744	0.000083282583378
1745	0.000025705428936
1746	0.000131981542888
1747	0.000033984602734
1748	0.000075792312584
1749	0.000041756899598
1750	0.000085013534946
1751	0.000034878443286
1752	0.000114432380856
1753	0.000043420147984
1754	0.000045403210316
1755	0.000075122040935
1756	0.000024970728534
1757	0.000248212686807
1758	0.000098426614234
1759	0.000019002395943
1760	0.000262085177361
1761	0.000119087369256
1762	0.000022245417026
1763	0.000085939237934
1764	0.000025187899103
1765	0.000097987575027
1766	0.000016850854503
1767	0.000101885105081
1768	0.000036979975217
1769	0.000027383200424
1770	0.000018918867020
1771	0.000059676647751
1772	0.000020692337937
1773	0.000024249010308
1774	0.000019524934111
1775	0.000052542741821
1776	0.000017665173611
1777	0.000017402905596
1778	0.000073242677904
1779	0.000020309749456
1780	0.000026666400316
1781	0.000097800758844
1782	0.000014005978594
1783	0.000020775489807
1784	0.000079177940917
1785	0.000017718434453
1786	0.000016781627816
1787	0.000032519688475
1788	0.000018811386748
1789	0.000019691769705
1790	0.000079839368687
1791	0.000018123856802
1792	0.000016967334322
1793	0.000026853659549
1794	0.000017882695852
1795	0.000092084232758
1796	0.000018242580564
1797	0.000016670238843
1798	0.000023996871331
1799	0.000019212289129
1800	0.000065557176739
1801	0.000018254324155
1802	0.000021056918201
1803	0.000241007805124
1804	0.000016586328142
1805	0.000019454682972
1806	0.000078208373088
1807	0.000017978201104
1808	0.000019074962932
1809	0.000071257212941
1810	0.000046786360492
1811	0.000263724850760
1812	0.000012644938449
1813	0.000144106695430
1814	0.000023722287799
1815	0.000031515049317
1816	0.000647986542940
1817	0.000029730201982
1818	0.000027676376716
1819	0.000172003229609
1820	0.000022880212908
1821	0.000025248803527
1822	0.000033360986352
1823	0.000014826595061
1824	0.000015707657852
1825	0.000025318225074
1826	0.000038725453224
1827	0.000026633920388
1828	0.000079770144122
1829	0.000021186881189
1830	0.000056202965698
1831	0.000027012185966
1832	0.000099927516484
1833	0.000042483886630
1834	0.000021419006685
1835	0.000525548884764
1836	0.000049217864680
1837	0.000032433930544
1838	0.000021720032588
1839	0.000013970477566
1840	0.000012360501024
1841	0.000013410223157
1842	0.000012468480653
1843	0.000013338610109
1844	0.000012553348945
1845	0.000013120750473
1846	0.000013466788365
1847	0.000016655200308
1848	0.000013497644993
1849	0.000025312932050
1850	0.000016294231057
1851	0.000021445584069
1852	0.000022872820305
1853	0.000020022441651
1854	0.000052406375743
1855	0.000025782549748
1856	0.000021317064542
1857	0.000022807497422
1858	0.000018271717264
1859	0.000014556743009
1860	0.000021607206105
1861	0.000017479078473
1862	0.000020314112761
1863	0.000035102844556
1864	0.000016934585671
1865	0.000039770705249
1866	0.000021414004153
1867	0.000027340085302
1868	0.000036253495258
1869	0.000019439219479
1870	0.000028736374500
1871	0.000027602482870
1872	0.000018760220109
1873	0.000505059554570
1874	0.000024627662794
1875	0.000013326973434
1876	0.000070040885468
1877	0.000027323867815
1878	0.000014702514625
1879	0.000076947273833
1880	0.000024988060372
1881	0.000014509780954
1882	0.000092106274022
1883	0.000024915743767
1884	0.000013933558012
1885	0.000070470612660
1886	0.000022689745306
1887	0.000014595514328
1888	0.000075407019006
1889	0.000019743752804
1890	0.000014429617786
1891	0.000039605380263
1892	0.000016354783199
1893	0.000015945394875
1894	0.000038571230680
1895	0.000015162592229
1896	0.000013981169536
1897	0.000012896591087
1898	0.000010748130125
1899	0.000011623013444
1900	0.000012888731047
1901	0.000011654329437
1902	0.000011219261337
1903	0.000013979146451
1904	0.000015603623490
1905	0.000014374252551
1906	0.000017432542937
1907	0.000018150443509
1908	0.000015837761135
1909	0.000014184897882
1910	0.000025315010899
1911	0.000013345420123
1912	0.000020477540851
1913	0.000017486383897
1914	0.000017582638924
1915	0.000012163314150
1916	0.000016545017874
1917	0.000015053976259
1918	0.000023806547660
1919	0.000048390043673
1920	0.000023090970352
1921	0.000070618428272
1922	0.000030512286788
1923	0.000093956791461
1924	0.000043487628948
1925	0.000024496047504
1926	0.000753886308590
1927	0.000098042089480
1928	0.000011629052525
1929	0.000074674533224
1930	0.000020702749743
1931	0.000025204125635
1932	0.000104571891207
1933	0.000016449016269
1934	0.000030464595392
1935	0.000090595325407
1936	0.000014848912562
1937	0.000035576300513
1938	0.000035079138683
1939	0.000015053743762
1940	0.000232737727496
1941	0.000037862503015
1942	0.000011881141689
1943	0.000326734420308
1944	0.000049442012963
1945	0.000010491799774
1946	0.000094870886697
1947	0.000025410752223
1948	0.000012005878384
1949	0.000036199525179
1950	0.000014819292385
1951	0.000015244904053
1952	0.000241447524519
1953	0.000035074764433
1954	0.000010721405255
1955	0.000015682107083
1956	0.000012732944021
1957	0.000014278821650
1958	0.000011000587385
1959	0.000012997426098
1960	0.000011723676506
1961	0.000010833432409
1962	0.000013606459046
1963	0.000040980700208
1964	0.000015656099451
1965	0.000014907542314
1966	0.000014794753483
1967	0.000020871612605
1968	0.000096321094400
1969	0.000032587342258
1970	0.000017318714296
1971	0.000021009369653
1972	0.000015509594411
1973	0.000013026468529
1974	0.000013081434887
1975	0.000010601288643
1976	0.000010966621359
1977	0.000009811628960
1978	0.000037014074018
1979	0.000011939433257
1980	0.000012720896331
1981	0.000012733860659
1982	0.000026306845498
1983	0.000010545480354
1984	0.000011740596282
1985	0.000013611136946
1986	0.000065904209602
1987	0.000014562862683
1988	0.000014516544363
1989	0.000088397403764
1990	0.000013923542386
1991	0.000011343976164
1992	0.000011860090636
1993	0.000011859740101
1994	0.000011466270877
1995	0.000011658625411
1996	0.000009978138112
1997	0.000013898431770
1998	0.000012438396403
1999	0.000015043567672
2000	0.000010675788006
2001	0.000013392026108
2002	0.000012364329101
2003	0.000012994168549
2004	0.000008969790788
2005	0.000010084881310
2006	0.000021283720483
2007	0.000013594460063
2008	0.000014394535811
2009	0.000013510574536
2010	0.000017397222148
2011	0.000011111768390
2012	0.000009985089475
2013	0.000010601686162
2014	0.000010924684853
2015	0.000045566382229
2016	0.000029574173434
2017	0.000045279662953
2018	0.000012403108110
2019	0.000010742531224
2020	0.000011198143442
2021	0.000023930187103
2022	0.000016014181423
2023	0.000019775345277
2024	0.000055577644933
2025	0.000025241842349
2026	0.000015733353306
2027	0.000020796543984
2028	0.000013567313303
2029	0.000041302004106
2030	0.000019467197416
2031	0.000026472971049
2032	0.000018246699217
2033	0.000075910954791
2034	0.000020340238528
2035	0.000108970878750
2036	0.000022521332989
2037	0.000098340441088
2038	0.000030743749771
2039	0.000015876271301
2040	0.000023555901167
2041	0.000017046809681
2042	0.000023238545417
2043	0.000012798699902
2044	0.000008825527255
2045	0.000012965946959
2046	0.000029386415082
2047	0.000013529116333
2048	0.000014384175468
2049	0.000029165592639
2050	0.000056054871317
2051	0.000025774495447
2052	0.000118813844767
2053	0.000049306759777
2054	0.000029549853397
2055	0.000092666841394
2056	0.000024493769777
2057	0.000010679177828
2058	0.000012779958573
2059	0.000009333062282
2060	0.000009455684792
2061	0.000009494415996
2062	0.000008849523710
2063	0.000008758361073
2064	0.000008472433721
2065	0.000010087446554
2066	0.000099530579342
2067	0.000025060872101
2068	0.000010968883243
2069	0.000153219111147
2070	0.000017383153134
2071	0.000011682222970
2072	0.000011829120083
2073	0.000010806943917
2074	0.000011749118713
2075	0.000013313699124
2076	0.000009135782831
2077	0.000013377840516
2078	0.000010139857927
2079	0.000009790943004
2080	0.000011064933844
2081	0.000028853487829
2082	0.000012814413446
2083	0.000010996077244
2084	0.000032473089154
2085	0.000010781091960
2086	0.000012159524965
2087	0.000010118015086
2088	0.000008195803533
2089	0.000007737789746
2090	0.000008074485111
2091	0.000008120319401
2092	0.000007284469228
2093	0.000007741847231
2094	0.000007559640007
2095	0.000007783800397
2096	0.000009254698499
2097	0.000012113922772
2098	0.000009330936475
2099	0.000021592388826
2100	0.000010836494487
2101	0.000013425079156
2102	0.000018245671611
2103	0.000010857619947
2104	0.000014510312436
2105	0.000007623825393
2106	0.000007250914703
2107	0.000010553207118
2108	0.000010558759192
2109	0.000012766528735
2110	0.000011081298720
2111	0.000012229911561
2112	0.000009655081529
2113	0.000009705581259
2114	0.000009057588648
2115	0.000012880663433
2116	0.000008751820635
2117	0.000009671158043
2118	0.000020622977179
2119	0.000011817255452
2120	0.000019108093099
2121	0.000011685065131
2122	0.000014959072179
2123	0.000011360712200
2124	0.000025936761465
2125	0.000009007342522
2126	0.000009822193392
2127	0.000009481240950
2128	0.000008933544399
2129	0.000009139210992
2130	0.000007782723507
2131	0.000008681221680
2132	0.000009015413174
2133	0.000008483648462
2134	0.000008956453801
2135	0.000008959188472
2136	0.000069100817467
2137	0.000027978886669
2138	0.000015806345623
2139	0.000042304013456
2140	0.000015313785849
2141	0.000033003355086
2142	0.000013712997101
2143	0.000023069553923
2144	0.000013568130584
2145	0.000018582566126
2146	0.000014530373736
2147	0.000013655812581
2148	0.000067532906717
2149	0.000031828883260
2150	0.000019100484715
2151	0.000012790206973
2152	0.000010385042781
2153	0.000007829272138
2154	0.000007108670396
2155	0.000007054144338
2156	0.000008291977983
2157	0.000008180004998
2158	0.000008498745882
2159	0.000007866348876
2160	0.000026360597130
2161	0.000012325677527
2162	0.000016416033011
2163	0.000023902423977
2164	0.000012651923696
2165	0.000033667907608
2166	0.000010156831233
2167	0.000023774347070
2168	0.000025889160575
2169	0.000013663630353
2170	0.000039177093313
2171	0.000017248235218
2172	0.000012613133425
2173	0.000043816047181
2174	0.000006770511285
2175	0.000006814688224
2176	0.000006979447251
2177	0.000008450015422
2178	0.000008047933465
2179	0.000007362546662
2180	0.000015165379079
2181	0.000008956431430
2182	0.000008640606734
2183	0.000058612752123
2184	0.000017108760635
2185	0.000010033839176
2186	0.000019525651597
2187	0.000009838092837
2188	0.000011676640353
2189	0.000010185205650
2190	0.000015728193690
2191	0.000007633818700
2192	0.000007370304531
2193	0.000007542015776
2194	0.000009281646828
2195	0.000007800056674
2196	0.000007808591620
2197	0.000007284776545
2198	0.000007206291959
2199	0.000007311041549
2200	0.000014511738942
2201	0.000007430620088
2202	0.000007326291525
2203	0.000016432365984
2204	0.000007907578119
2205	0.000007755086508
2206	0.000009380606559
2207	0.000016421955816
2208	0.000008085213543
2209	0.000037901180106
2210	0.000013161285262
2211	0.000015573435762
2212	0.000010499392789
2213	0.000030538648306
2214	0.000015109863538
2215	0.000010125684779
2216	0.000013043608059
2217	0.000008443238320
2218	0.000008771032576
2219	0.000064626902649
2220	0.000018888458643
2221	0.000019282246302
2222	0.000011791484630
2223	0.000018307517258
2224	0.000026081125231
2225	0.000011158363925
2226	0.000010032484345
2227	0.000019369882481
2228	0.000010553528147
2229	0.000013647725619
2230	0.000018180157124
2231	0.000012375885876
2232	0.000051732586075
2233	0.000006796407818
2234	0.000009817636731
2235	0.000010016063681
2236	0.000012751508402
2237	0.000007481368837
2238	0.000013427955613
2239	0.000008546790017
2240	0.000009612866739
2241	0.000010613372290
2242	0.000008312788341
2243	0.000079776525415
2244	0.000031954604734
2245	0.000012144153139
2246	0.000013897529673
2247	0.000015890556680
2248	0.000031108730582
2249	0.000015545204317
2250	0.000041933939770
2251	0.000017900947871
2252	0.000031232298117
2253	0.000011667515261
2254	0.000111515221567
2255	0.000007357943850
2256	0.000037474538561
2257	0.000012279292890
2258	0.000008422184974
2259	0.000009765718098
2260	0.000014552793335
2261	0.000008005521497
2262	0.000008234716676
2263	0.000007929913823
2264	0.000009258167490
2265	0.000010620501427
2266	0.000009130971659
2267	0.000006796583408
2268	0.000006514836627
2269	0.000011889375129
2270	0.000019823469177
2271	0.000018378193390
2272	0.000084311439466
2273	0.000014891616703
2274	0.000124207838130
2275	0.000027814424556
2276	0.000060976839265
2277	0.000016798093229
2278	0.000085511966425
2279	0.000029395971277
2280	0.000059162738019
2281	0.000021241489066
2282	0.000060000448869
2283	0.000020761437175
2284	0.000183719682603
2285	0.000060334384422
2286	0.000020916267436
2287	0.000077854896098
2288	0.000023655409197
2289	0.000011652599332
2290	0.000029700112229
2291	0.000010271181376
2292	0.000006230908435
2293	0.000004346709577
2294	0.000012870638345
2295	0.000007676997850
2296	0.000010168957151
2297	0.000012655219193
2298	0.000007332159372
2299	0.000023363020444
2300	0.000011439399735
2301	0.000195477389674
2302	0.000098791060688
2303	0.000021170435007
2304	0.000045730472941
2305	0.000020179435826
2306	0.000020389982467
2307	0.000056348668039
2308	0.000004735886068
2309	0.000016519534227
2310	0.000012922121075
2311	0.000008334856382
2312	0.000035001910143
2313	0.000008884044919
2314	0.000032321061152
2315	0.000008555791024
2316	0.000146377204836
2317	0.000029687562912
2318	0.000028212846469
2319	0.000040945680948
2320	0.000006511280243
2321	0.000559926307006
2322	0.000036564394701
2323	0.000006218128002
2324	0.000265972136674
2325	0.000021835869353
2326	0.000012556767191
2327	0.000051872937353
2328	0.000007185940611
2329	0.000125462679807
2330	0.000030810546339
2331	0.000010838215579
2332	0.000041073457869
2333	0.000004754754928
2334	0.000006700840221
2335	0.000014083183415
2336	0.000020713995334
2337	0.000010671973834
2338	0.000036673950368
2339	0.000007176176084
2340	0.000067564861032
2341	0.000016390410395
2342	0.000011434258845
2343	0.000032405627976
2344	0.000005034015304
2345	0.000140019174612
2346	0.000015390153748
2347	0.000012436191904
2348	0.000025836417772
2349	0.000005063117584
2350	0.000096183943069
2351	0.000013893518253
2352	0.000010695111043
2353	0.000008298672913
2354	0.000029054256422
2355	0.000004450485009
2356	0.000036182876286
2357	0.000009156132046
2358	0.000011643585322
2359	0.000012426785814
2360	0.000015102183805
2361	0.000008645880122
2362	0.000034036966854
2363	0.000008475180989
2364	0.000032610942174
2365	0.000008321637355
2366	0.000038175508655
2367	0.000009645908015
2368	0.000030379501480
2369	0.000007536489988
2370	0.000041306641805
2371	0.000009804717837
2372	0.000040863621393
2373	0.000008676584935
2374	0.000029907550085
2375	0.000007437345943
2376	0.000046204325526
2377	0.000011714003817
2378	0.000021516610047
2379	0.000005602668824
2380	0.000236072001694
2381	0.000002934088578
2382	0.000058641698547
2383	0.000013875122677
2384	0.000005039867368
2385	0.000025940998704
2386	0.000003438191376
2387	0.000083279009407
2388	0.000009755563756
2389	0.000005668677726
2390	0.000036047675927
2391	0.000006060481641
2392	0.000021412766514
2393	0.000005339274991
2394	0.000038954835367
2395	0.000007731967104
2396	0.000020677840546
2397	0.000005069665913
2398	0.000058599862646
2399	0.000009604035792
2400	0.000038154243664
2401	0.000005054488306
2402	0.000144937758650
2403	0.000018148152643
2404	0.000004417537469
2405	0.000011019993507
2406	0.000003773820896
2407	0.000025329444442
2408	0.000004599006652
2409	0.000022570564160
2410	0.000004549321706
2411	0.000024871561894
2412	0.000005247523182
2413	0.000012834744322
2414	0.000004731492227
2415	0.000021494887425
2416	0.000003698866642
2417	0.000026047464930
2418	0.000006839081418
2419	0.000008854662373
2420	0.000008002999619
2421	0.000007787343001
2422	0.000010857917817
2423	0.000005562292809
2424	0.000008079963530
2425	0.000010600355102
2426	0.000027526319880
2427	0.000005518284888
2428	0.000028671960738
2429	0.000007384601922
2430	0.000022600409956
2431	0.000006375647230
2432	0.000025345752352
2433	0.000007207304072
2434	0.000018126446322
2435	0.000005398254574
2436	0.000036785450285
2437	0.000005929388431
2438	0.000030501428731
2439	0.000005496881990
2440	0.000033133781688
2441	0.000004875535973
2442	0.000048429941960
2443	0.000012283721838
2444	0.000006331743408
2445	0.000017766140825
2446	0.000008716574011
2447	0.000006995117505
2448	0.000030147061322
2449	0.000006896914026
2450	0.000023522607489
2451	0.000006047840354
2452	0.000015685870903
2453	0.000004942205847
2454	0.000022801856272
2455	0.000004852307966
2456	0.000044021056629
2457	0.000010627064953
2458	0.000117764365058
2459	0.000032175739590
2460	0.000019360598687
2461	0.000041621547612
2462	0.000005235578496
2463	0.000260865407492
2464	0.000011449281195
2465	0.000041299488190
2466	0.000004542432800
2467	0.000361334308452
2468	0.000093098496714
2469	0.000010658468483
2470	0.000144307015975
2471	0.000016125238628
2472	0.000009418520941
2473	0.000052259656308
2474	0.000014657894163
2475	0.000025478656944
2476	0.000005269175880
2477	0.000034976088127
2478	0.000001958021246
2479	0.000014452533422
2480	0.000002796719863
2481	0.000006521317119
2482	0.000003068999264
2483	0.000009596640032
2484	0.000002599732195
2485	0.000013905313413
2486	0.000002856178855
2487	0.000006991976472
2488	0.000003229377501
2489	0.000013552764079
2490	0.000002687416288
2491	0.000008895532581
2492	0.000002847869683
2493	0.000044480283915
2494	0.000002400422863
2495	0.000018967554452
2496	0.000003561820954
2497	0.000018153900776
2498	0.000003016287823
2499	0.000012932988489
2500	0.000003189215870
2501	0.000043437522207
2502	0.000003654721589
2503	0.000017680145084
2504	0.000002646138520
2505	0.000064459662682
2506	0.000013673825890
2507	0.000003398876949
2508	0.000200458843308
2509	0.000003644640050
2510	0.000042575839697
2511	0.000002093515470
2512	0.000025160791629
2513	0.000005748445793
2514	0.000108379513563
2515	0.000027457274383
2516	0.000006273417440
2517	0.000130118511182
2518	0.000034063013543
2519	0.000007208745934
2520	0.000111721456776
2521	0.000025001129572
2522	0.000006193330450
2523	0.000076279944126
2524	0.000020482478410
2525	0.000004805223123
2526	0.000089861034770
2527	0.000009195430810
2528	0.000186892669865
2529	0.000013284759803
2530	0.000005920357440
2531	0.000082615831687
2532	0.000021792129347
2533	0.000004447760841
2534	0.000012350278393
2535	0.000001516855155
2536	0.000016666032828
2537	0.000004516342647
2538	0.000005224732485
2539	0.000005425294749
2540	0.000001901721668
2541	0.000095807349167
2542	0.000002780264074
2543	0.000021003530218
2544	0.000001130231652
2545	0.000013805555904
2546	0.000003433675804
2547	0.000003546126878
2548	0.000002276907830
2549	0.000006747565770
2550	0.000001518869951
2551	0.000005281257763
2552	0.000011611017086
2553	0.000002474945373
2554	0.000006377845022
2555	0.000002079144547
2556	0.000017343739313
2557	0.000001119594174
2558	0.000011386446480
2559	0.000002446286867
2560	0.000006159896077
2561	0.000002287206194
2562	0.000028698474848
2563	0.000002629895618
2564	0.000016989509735
2565	0.000003253952999
2566	0.000002419695134
2567	0.000008778694542
2568	0.000003893364315
2569	0.000014107657699
2570	0.000001383871675
2571	0.000002001584642
2572	0.000002389014434
2573	0.000015561580663
2574	0.000004219643437
2575	0.000007182599850
2576	0.000002203441593
2577	0.000038618806959
2578	0.000000942458007
2579	0.000013763243446
2580	0.000002404869618
2581	0.000002070921210
2582	0.000002526165552
2583	0.000001112739247
2584	0.000002400292910
2585	0.000001132840174
2586	0.000055010617934
2587	0.000003959022852
2588	0.000001452260595
2589	0.000003428580595
2590	0.000001365268612
2591	0.000012462797255
2592	0.000001050512985
2593	0.000003552443393
2594	0.000001097317755
2595	0.000011419839216
2596	0.000001290921709
2597	0.000001827599049
2598	0.000002471097025
2599	0.000000988262238
2600	0.000004673207805
2601	0.000001039568369
2602	0.000004968069138
2603	0.000001311509438
2604	0.000015763303520
2605	0.000002240738081
2606	0.000003643370675
2607	0.000001960018491
2608	0.000002902820087
2609	0.000002453463209
2610	0.000024856289066
2611	0.000007076409800
2612	0.000003620045236
2613	0.000008261616445
2614	0.000000941093009
2615	0.000003093581746
2616	0.000001225920307
2617	0.000006763615041
2618	0.000000930781202
2619	0.000010200934443
2620	0.000002089927092
2621	0.000002267354903
2622	0.000003978018353
2623	0.000000963107363
2624	0.000165636018576
2625	0.000023862661693
2626	0.000001597320364
2627	0.000016998138671
2628	0.000003001631705
2629	0.000017591219338
2630	0.000003540380135
2631	0.000005421318986
2632	0.000008026594691
2633	0.000001300641908
2634	0.000062566617848
2635	0.000011996376300
2636	0.000001195760163
2637	0.000015095382771
2638	0.000002605874421
2639	0.000002584998094
2640	0.000046790044259
2641	0.000008836095879
2642	0.000001769636531
2643	0.000121256844198
2644	0.000003357268066
2645	0.000014973592598
2646	0.000003681821437
2647	0.000013736501720
2648	0.000003673240085
2649	0.000015117871053
2650	0.000004161333801
2651	0.000005677002699
2652	0.000004321456971
2653	0.000007108179660
2654	0.000001999826080
2655	0.000053862097705
2656	0.000003836765489
2657	0.000026577647602
2658	0.000001090677569
2659	0.000049503854920
2660	0.000001394089282
2661	0.000002001793327
2662	0.000000979916686
2663	0.000000743682215
2664	0.000001710376413
2665	0.000003464058103
2666	0.000001093185201
2667	0.000006174741522
2668	0.000000681544189
2669	0.000000999319223
2670	0.000001209947108
2671	0.000001801655325
2672	0.000005109149220
2673	0.000001476157800
2674	0.000018979436824
2675	0.000001944322788
2676	0.000019212484316
2677	0.000002895854985
2678	0.000001445000031
2679	0.000028648532065
2680	0.000007166357624
2681	0.000001880117496
2682	0.000004521671631
2683	0.000001224104634
2684	0.000001305946311
2685	0.000000875636256
2686	0.000000710104455
2687	0.000010777456297
2688	0.000002362143446
2689	0.000000910300671
2690	0.000002047986722
2691	0.000002104573964
2692	0.000001051135150
2693	0.000003285279135
2694	0.000000945381888
2695	0.000006677159428
2696	0.000001564741045
2697	0.000012081106583
2698	0.000002502704098
2699	0.000051092492658
2700	0.000008898765895
2701	0.000002453013960
2702	0.000013621715235
2703	0.000003770573775
2704	0.000003543322873
2705	0.000002050757459
2706	0.000009620672177
2707	0.000002675324054
2708	0.000004447166247
2709	0.000001012843402
2710	0.000014301155256
2711	0.000001964978134
2712	0.000002412744898
2713	0.000003325182082
2714	0.000000684943883
2715	0.000001548055350
2716	0.000000436192553
2717	0.000000550314845
2718	0.000000441171085
2719	0.000000699358316
2720	0.000000408468854
2721	0.000000447579488
2722	0.000000408381485
2723	0.000000526864739
2724	0.000000404971737
2725	0.000000766135493
2726	0.000000416501381
2727	0.000001225596756
2728	0.000000559759936
2729	0.000001047171617
2730	0.000000630271059
2731	0.000001089870652
2732	0.000001012794543
2733	0.000001178841787
2734	0.000001316960489
2735	0.000001279502524
2736	0.000001402766895
2737	0.000001544274893
2738	0.000001200679528
2739	0.000001833842530
2740	0.000002098741722
2741	0.000000538075634
2742	0.000006808657885
2743	0.000001814781450
2744	0.000000595671163
2745	0.000003245419059
2746	0.000000421593417
2747	0.000003728118983
2748	0.000000865499100
2749	0.000003598644632
2750	0.000000749370139
2751	0.000001880596947
2752	0.000000657149045
2753	0.000176373085544
2754	0.000006009993920
2755	0.000002515601720
2756	0.000000766670081
2757	0.000001853412279
2758	0.000000303441740
2759	0.000008925083679
2760	0.000000865962500
2761	0.000001914225025
2762	0.000000311275512
2763	0.000015571815081
2764	0.000002365284394
2765	0.000001808279507
2766	0.000000519048713
2767	0.000007477881402
2768	0.000001945490620
2769	0.000000490653841
2770	0.000003292288379
2771	0.000000544390474
2772	0.000004376227964
2773	0.000001225989392
2774	0.000000838871521
2775	0.000001021303848
2776	0.000001974597350
2777	0.000000421442053
2778	0.000002717057974
2779	0.000000377498069
2780	0.000001952135875
2781	0.000000461549358
2782	0.000002942737077
2783	0.000000420086271
2784	0.000004886500762
2785	0.000000899391776
2786	0.000002371374679
2787	0.000000615295197
2788	0.000002386608574
2789	0.000000677115667
2790	0.000001711056752
2791	0.000000449308828
2792	0.000002271920626
2793	0.000000487584651
2794	0.000002872938904
2795	0.000000732050274
2796	0.000001023343411
2797	0.000047357625889
2798	0.000009430730591
2799	0.000000638226129
2800	0.000003577975092
2801	0.000000331325330
2802	0.000019832653430
2803	0.000001155690436
2804	0.000002793807417
2805	0.000000171729629
2806	0.000007460303735
2807	0.000002111807633
2808	0.000000347379212
2809	0.000003248222791
2810	0.000000712559652
2811	0.000000389233355
2812	0.000003568106481
2813	0.000000236400722
2814	0.000006120152778
2815	0.000001731340394
2816	0.000000360376411
2817	0.000002587393479
2818	0.000000644008802
2819	0.000000436950588
2820	0.000001028050225
2821	0.000000514107763
2822	0.000000673930296
2823	0.000018726836475
2824	0.000002241589057
2825	0.000000306953176
2826	0.000008583588504
2827	0.000000967290534
2828	0.000000985442009
2829	0.000000879768420
2830	0.000001165800935
2831	0.000000467116111
2832	0.000003265760547
2833	0.000000308164433
2834	0.000007781086845
2835	0.000001416478756
2836	0.000001290390181
2837	0.000000277127064
2838	0.000006599699390
2839	0.000001668481701
2840	0.000000380105273
2841	0.000029607850854
2842	0.000000513025985
2843	0.000026221937284
2844	0.000000382595764
2845	0.000002286506219
2846	0.000000212786534
2847	0.000000637796109
2848	0.000000170941163
2849	0.000000426776095
2850	0.000000202190121
2851	0.000000157176373
2852	0.000001605065096
2853	0.000000214137469
2854	0.000000543431515
2855	0.000000150066797
2856	0.000000243425009
2857	0.000001284909900
2858	0.000000272883602
2859	0.000000981780331
2860	0.000000228764612
2861	0.000001258647487
2862	0.000000349288897
2863	0.000000433360754
2864	0.000000268882037
2865	0.000013384941778
2866	0.000003588959327
2867	0.000000452589766
2868	0.000003721491647
2869	0.000001038607542
2870	0.000000250836060
2871	0.000000751988238
2872	0.000000169719641
2873	0.000000834086206
2874	0.000000203315120
2875	0.000003993156505
2876	0.000000320543049
2877	0.000001175314356
2878	0.000000090327500
2879	0.000001859166280
2880	0.000000414531131
2881	0.000000277203863
2882	0.000000234962881
2883	0.000009492470553
2884	0.000001583395678
2885	0.000000428015822
2886	0.000000875836795
2887	0.000000226511359
2888	0.000001308503487
2889	0.000000272618796
2890	0.000001540228546
2891	0.000000315327373
2892	0.000000376150818
2893	0.000000244329514
2894	0.000000658166551
2895	0.000000155075196
2896	0.000001288934225
2897	0.000000367306489
2898	0.000000283044995
2899	0.000002350815579
2900	0.000000140381866
2901	0.000003260336772
2902	0.000000476358741
2903	0.000000145996459
2904	0.000002473059738
2905	0.000000106451736
2906	0.000006430125957
2907	0.000000921363767
2908	0.000000249015949
2909	0.000000240570923
2910	0.000000202232327
2911	0.000001700982606
2912	0.000000480258624
2913	0.000000360969718
2914	0.000000720005594
2915	0.000000569463625
2916	0.000000249009189
2917	0.000000710830208
2918	0.000000141275663
2919	0.000005552340981
2920	0.000000155431888
2921	0.000001449175406
2922	0.000000063094623
2923	0.000001898611500
2924	0.000000500853574
2925	0.000000091442239
2926	0.000000693723536
2927	0.000000137982222
2928	0.000000508118456
2929	0.000000124430554
2930	0.000001659094589
2931	0.000000064863728
2932	0.000000214034437
2933	0.000000131860482
2934	0.000000113692836
2935	0.000000118335601
2936	0.000000060087440
2937	0.000000173543677
2938	0.000000067953433
2939	0.000000417894932
2940	0.000000055325756
2941	0.000000080378058
2942	0.000000073634539
2943	0.000000119164549
2944	0.000000132728022
2945	0.000000097150465
2946	0.000000398151009
2947	0.000000121264853
2948	0.000001641568218
2949	0.000000066340162
2950	0.000000600141497
2951	0.000000154079757
2952	0.000000103475795
2953	0.000000166289885
2954	0.000003218908014
2955	0.000000799750058
2956	0.000000189275625
2957	0.000000651386367
2958	0.000000161987874
2959	0.000000327679872
2960	0.000000102722833
2961	0.000000591903656
2962	0.000000383237268
2963	0.000000255830956
2964	0.000001318971304
2965	0.000000295440773
2966	0.000000267034439
2967	0.000000449202008
2968	0.000000256314957
2969	0.000000599389544
2970	0.000000639002641
2971	0.000000128662016
2972	0.000007069737230
2973	0.000001972238870
2974	0.000000273241209
2975	0.000001923866030
2976	0.000000174173271
2977	0.000000256588684
2978	0.000000340334529
2979	0.000000178418904
2980	0.000000670270955
2981	0.000000181785250
2982	0.000001514070784
2983	0.000000407259272
2984	0.000000431096331
2985	0.000000105147221
2986	0.000002968844129
2987	0.000000809761787
2988	0.000000104198844
2989	0.000000269380629
2990	0.000000105674592
2991	0.000000168196129
2992	0.000000072717891
2993	0.000000586544643
2994	0.000000035532118
2995	0.000000133880245
2996	0.000000033156625
2997	0.000000051313954
2998	0.000000138086240
2999	0.000000041885833
3000	0.000000137540721
3001	0.000000089287162
3002	0.000000082140591
3003	0.000000292501738
3004	0.000000074666438
3005	0.000000670828350
3006	0.000000024889980
3007	0.000000191012385
3008	0.000000051357568
3009	0.000000678221166
3010	0.000000027805946
3011	0.000000143793932
3012	0.000000043064000
3013	0.000000298722444
3014	0.000000041487627
3015	0.000000639215959
3016	0.000000140405039
3017	0.000000140826901
3018	0.000000090121071
3019	0.000000083036282
3020	0.000000075903845
3021	0.000000076839176
3022	0.000000069172684
3023	0.000000094333719
3024	0.000000043129513
3025	0.000001790512270
3026	0.000000076307092
3027	0.000000133643209
3028	0.000000035981979
3029	0.000000058613672
3030	0.000000036454917
3031	0.000000033292965
3032	0.000000033852202
3033	0.000000033042760
3034	0.000000030512941
3035	0.000000041803465
3036	0.000000046159781
3037	0.000000044326048
3038	0.000000052600858
3039	0.000000249590526
3040	0.000000047643761
3041	0.000000065588746
3042	0.000000047219129
3043	0.000000220067798
3044	0.000000048975957
3045	0.000000203752567
3046	0.000000027025412
3047	0.000000257472953
3048	0.000000038340750
3049	0.000000048583283
3050	0.000000222355305
3051	0.000000038249133
3052	0.000000289783471
3053	0.000000065908062
3054	0.000000142444187
3055	0.000000039875561
3056	0.000000153596432
3057	0.000000037295566
3058	0.000000144733719
3059	0.000000042540844
3060	0.000000097064835
3061	0.000000046154076
3062	0.000000352616808
3063	0.000000039386471
3064	0.000000345060496
3065	0.000000078471901
3066	0.000003583392729
3067	0.000000871727799
3068	0.000000083800121
3069	0.000003804987208
3070	0.000000254287923
3071	0.000000185853278
3072	0.000000290507491
3073	0.000000068985003
3074	0.000000338778853
3075	0.000000096755311
3076	0.000000066254901
3077	0.000000079423640
3078	0.000000457918050
3079	0.000000060343791
3080	0.000000185413428
3081	0.000000042306933
3082	0.000000266942347
3083	0.000000068570657
3084	0.000000039984663
3085	0.000000326360171
3086	0.000000024120032
3087	0.000000297318721
3088	0.000000059000343
3089	0.000000140399060
3090	0.000000017487088
3091	0.000000166206148
3092	0.000000016216226
3093	0.000000037680720
3094	0.000000029041959
3095	0.000000040168407
3096	0.000000027504325
3097	0.000000048393159
3098	0.000000182241267
3099	0.000000030633670
3100	0.000000070869494
3101	0.000000021248276
3102	0.000000092541141
3103	0.000000019418703
3104	0.000000097267879
3105	0.000000023037617
3106	0.000000079609778
3107	0.000000020320600
3108	0.000000075053607
3109	0.000000019212886
3110	0.000000112375598
3111	0.000000031412251
3112	0.000001623691864
3113	0.000000458798917
3114	0.000000069954061
3115	0.000000511354405
3116	0.000000048917593
3117	0.000000573176847
3118	0.000000081812786
3119	0.000000413546114
3120	0.000000032359323
3121	0.000000769073938
3122	0.000000081305535
3123	0.000000071049617
3124	0.000000103346612
3125	0.000000007591841
3126	0.000000166499535
3127	0.000000019327826
3128	0.000000063896283
3129	0.000000007480267
3130	0.000000102897379
3131	0.000000015580785
3132	0.000000070399624
3133	0.000000010749574
3134	0.000000038595786
3135	0.000000029148599
3136	0.000000014756810
3137	0.000000215078466
3138	0.000000056615889
3139	0.000000013753610
3140	0.000000055791305
3141	0.000000015867775
3142	0.000000228648396
3143	0.000000063140998
3144	0.000000017956844
3145	0.000000056334711
3146	0.000000006824923
3147	0.000000007841039
3148	0.000000027841303
3149	0.000000009226861
3150	0.000000055439860
3151	0.000000010648467
3152	0.000000033932258
3153	0.000000012967550
3154	0.000000039947966
3155	0.000000011388912
3156	0.000000540407500
3157	0.000000133652721
3158	0.000000014070470
3159	0.000000216489236
3160	0.000000033269500
3161	0.000000184227741
3162	0.000000041411095
3163	0.000000191435984
3164	0.000000033210287
3165	0.000000071277039
3166	0.000000018768307
3167	0.000000093444186
3168	0.000000024776528
3169	0.000000117779868
3170	0.000000032309081
3171	0.000000057917879
3172	0.000000013162663
3173	0.000000135467165
3174	0.000000024695299
3175	0.000000037640731
3176	0.000000026161014
3177	0.000000025091913
3178	0.000000338090037
3179	0.000000016919037
3180	0.000000314205640
3181	0.000000012573064
3182	0.000000035333365
3183	0.000000039993150
3184	0.000000005568504
3185	0.000000166867118
3186	0.000000025808571
3187	0.000000044688431
3188	0.000000004531810
3189	0.000000226202790
3190	0.000000009405828
3191	0.000000165000855
3192	0.000000013055858
3193	0.000000009077109
3194	0.000000025510513
3195	0.000000007064939
3196	0.000000039871290
3197	0.000000009566412
3198	0.000000037948212
3199	0.000000011290202
3200	0.000000015630226
3201	0.000000008945911
3202	0.000000046136798
3203	0.000000003782949
3204	0.000000013282762
3205	0.000000014354940
3206	0.000000004797165
3207	0.000000027889528
3208	0.000000005387644
3209	0.000000025480626
3210	0.000000061197097
3211	0.000000017141789
3212	0.000000019768259
3213	0.000000018540600
3214	0.000000008149757
3215	0.000000025855869
3216	0.000000003845336
3217	0.000000200435576
3218	0.000000014742402
3219	0.000000004584171
3220	0.000000048371782
3221	0.000000006615639
3222	0.000000003430741
3223	0.000000003643137
3224	0.000000047691427
3225	0.000000013295014
3226	0.000000004662771
3227	0.000000009054573
3228	0.000000005975668
3229	0.000000004916160
3230	0.000000062667077
3231	0.000000014846205
3232	0.000000019728069
3233	0.000000004295902
3234	0.000000104559365
3235	0.000000004938504
3236	0.000000052658278
3237	0.000000004919688
3238	0.000000018820292
3239	0.000000003053133
3240	0.000000006283007
3241	0.000000019086730
3242	0.000000009510923
3243	0.000000128550129
3244	0.000000012012461
3245	0.000000033465136
3246	0.000000003155851
3247	0.000000147418786
3248	0.000000035719951
3249	0.000000005803258
3250	0.000000043777948
3251	0.000000005084063
3252	0.000000036740463
3253	0.000000007651672
3254	0.000000006817461
3255	0.000000316696636
3256	0.000000061056524
3257	0.000000007968557
3258	0.000000111674320
3259	0.000000006098625
3260	0.000000084617547
3261	0.000000004755800
3262	0.000000031039961
3263	0.000000002474710
3264	0.000000006107289
3265	0.000000012014010
3266	0.000000022937263
3267	0.000000008806293
3268	0.000000094483631
3269	0.000000002796039
3270	0.000000012768297
3271	0.000000004386315
3272	0.000000067619047
3273	0.000000008904969
3274	0.000000048359671
3275	0.000000007392645
3276	0.000000017603833
3277	0.000000035715146
3278	0.000000007613436
3279	0.000000141273856
3280	0.000000018752328
3281	0.000000027336011
3282	0.000000007042262
3283	0.000000041437425
3284	0.000000008142180
3285	0.000000024482712
3286	0.000000006259200
3287	0.000000039139546
3288	0.000000011126941
3289	0.000000007542736
3290	0.000000009964279
3291	0.000000059541221
3292	0.000000008939138
3293	0.000000008515861
3294	0.000000009697798
3295	0.000000005209056
3296	0.000000027501274
3297	0.000000004723764
3298	0.000000386435303
3299	0.000000107142292
3300	0.000000023499966
3301	0.000000006743190
3302	0.000000079149681
3303	0.000000002592121
3304	0.000000022746051
3305	0.000000001469316
3306	0.000000087496147
3307	0.000000009241481
3308	0.000000002444770
3309	0.000000022988827
3310	0.000000003998337
3311	0.000000001586254
3312	0.000000001773444
3313	0.000000008130486
3314	0.000000002165328
3315	0.000000002815652
3316	0.000000002805399
3317	0.000000008105204
3318	0.000000003219876
3319	0.000000003534040
3320	0.000000001560535
3321	0.000000002681460
3322	0.000000002303903
3323	0.000000002058815
3324	0.000000003039923
3325	0.000000002017495
3326	0.000000003861774
3327	0.000000001879940
3328	0.000000013025941
3329	0.000000002597604
3330	0.000000006532111
3331	0.000000003354509
3332	0.000000004665741
3333	0.000000009799758
3334	0.000000002092877
3335	0.000000099434007
3336	0.000000024786550
3337	0.000000003074698
3338	0.000000102857662
3339	0.000000016079481
3340	0.000000004119223
3341	0.000000023624493
3342	0.000000006155585
3343	0.000000010641625
3344	0.000000002458415
3345	0.000000030298513
3346	0.000000001213947
3347	0.000000116332265
3348	0.000000018821177
3349	0.000000001337257
3350	0.000000030089221
3351	0.000000005805531
3352	0.000000007529428
3353	0.000000002155803
3354	0.000000110752863
3355	0.000000007349373
3356	0.000000005657440
3357	0.000000003574735
3358	0.000000001534882
3359	0.000000020425917
3360	0.000000001193574
3361	0.000000003071294
3362	0.000000001916440
3363	0.000000005520024
3364	0.000000001512303
3365	0.000000010220211
3366	0.000000002637634
3367	0.000000005981446
3368	0.000000001526953
3369	0.000000008685409
3370	0.000000001488174
3371	0.000000107017754
3372	0.000000007015579
3373	0.000000003184139
3374	0.000000019263007
3375	0.000000001832006
3376	0.000000018303859
3377	0.000000004579252
3378	0.000000002856867
3379	0.000000025988324
3380	0.000000002038197
3381	0.000000006926680
3382	0.000000001662484
3383	0.000000021261720
3384	0.000000004382626
3385	0.000000001354793
3386	0.000000076431951
3387	0.000000002693044
3388	0.000000008819574
3389	0.000000001585938
3390	0.000000059661789
3391	0.000000002542878
3392	0.000000007075016
3393	0.000000001147863
3394	0.000000036042125
3395	0.000000004788350
3396	0.000000001468999
3397	0.000000037362022
3398	0.000000002665212
3399	0.000000003003121
3400	0.000000001854897
3401	0.000000005827139
3402	0.000000001730904
3403	0.000000015208707
3404	0.000000002334510
3405	0.000000005976257
3406	0.000000002140616
3407	0.000000010253940
3408	0.000000002859586
3409	0.000000019209658
3410	0.000000005531842
3411	0.000000003001696
3412	0.000000033244962
3413	0.000000000983338
3414	0.000000011507569
3415	0.000000001110490
3416	0.000000013831761
3417	0.000000000896422
3418	0.000000004522726
3419	0.000000001004028
3420	0.000000002872971
3421	0.000000001265597
3422	0.000000005171728
3423	0.000000001211858
3424	0.000000017153085
3425	0.000000002116300
3426	0.000000019057879
3427	0.000000003245566
3428	0.000000001812295
3429	0.000000011927523
3430	0.000000002860055
3431	0.000000015741305
3432	0.000000003300039
3433	0.000000002748575
3434	0.000000003674414
3435	0.000000005926665
3436	0.000000003390343
3437	0.000000004909231
3438	0.000000001464679
3439	0.000000130045094
3440	0.000000020251492
3441	0.000000001003231
3442	0.000000107680913
3443	0.000000011318063
3444	0.000000002688617
3445	0.000000027665955
3446	0.000000006672535
3447	0.000000002221115
3448	0.000000018943494
3449	0.000000000467581
3450	0.000000001713025
3451	0.000000001833353
3452	0.000000000934399
3453	0.000000002395623
3454	0.000000000671465
3455	0.000000001191048
3456	0.000000000554367
3457	0.000000000608521
3458	0.000000001438559
3459	0.000000001066883
3460	0.000000002406822
3461	0.000000001153824
3462	0.000000003503032
3463	0.000000000502592
3464	0.000000000514073
3465	0.000000000838658
3466	0.000000000541508
3467	0.000000000596683
3468	0.000000001192162
3469	0.000000000802689
3470	0.000000001429162
3471	0.000000000667558
3472	0.000000001019597
3473	0.000000000706928
3474	0.000000000811109
3475	0.000000000719704
3476	0.000000000676867
3477	0.000000001024008
3478	0.000000000703166
3479	0.000000001812328
3480	0.000000000616580
3481	0.000000013832022
3482	0.000000001547664
3483	0.000000004538456
3484	0.000000000508193
3485	0.000000022596723
3486	0.000000004996518
3487	0.000000001373061
3488	0.000000004851016
3489	0.000000000918481
3490	0.000000000844300
3491	0.000000001480508
3492	0.000000000591991
3493	0.000000002432281
3494	0.000000000418777
3495	0.000000000652238
3496	0.000000000513573
3497	0.000000000950794
3498	0.000000000668644
3499	0.000000000988312
3500	0.000000000387849
3501	0.000000001442430
3502	0.000000000522152
3503	0.000000001065149
3504	0.000000001791548
3505	0.000000001275879
3506	0.000000001020326
3507	0.000000004166103
3508	0.000000000546938
3509	0.000000002486053
3510	0.000000000560117
3511	0.000000013854305
3512	0.000000000494866
3513	0.000000005012426
3514	0.000000000643190
3515	0.000000002441136
3516	0.000000000604184
3517	0.000000001779630
3518	0.000000000552314
3519	0.000000002033044
3520	0.000000000549080
3521	0.000000001752375
3522	0.000000000553727
3523	0.000000001824519
3524	0.000000000532308
3525	0.000000002105935
3526	0.000000000564165
3527	0.000000001613973
3528	0.000000000530816
3529	0.000000002554525
3530	0.000000000536694
3531	0.000000004634885
3532	0.000000000842289
3533	0.000000002433654
3534	0.000000000461769
3535	0.000000004161672
3536	0.000000000457910
3537	0.000000002041804
3538	0.000000001379603
3539	0.000000000925530
3540	0.000000010339317
3541	0.000000002351068
3542	0.000000000724769
3543	0.000000002856229
3544	0.000000000802917
3545	0.000000002081313
3546	0.000000000611786
3547	0.000000040972839
3548	0.000000000565001
3549	0.000000001222842
3550	0.000000000451119
3551	0.000000008328697
3552	0.000000002132906
3553	0.000000000707630
3554	0.000000002435249
3555	0.000000001014025
3556	0.000000001500107
3557	0.000000001037477
3558	0.000000003070309
3559	0.000000000835294
3560	0.000000006076913
3561	0.000000001410491
3562	0.000000004142382
3563	0.000000000713771
3564	0.000000012505167
3565	0.000000000339653
3566	0.000000003334364
3567	0.000000000550869
3568	0.000000002169622
3569	0.000000001744045
3570	0.000000000812261
3571	0.000000011384500
3572	0.000000002975450
3573	0.000000000737294
3574	0.000000003876403
3575	0.000000001080677
3576	0.000000002034370
3577	0.000000000478820
3578	0.000000001141680
3579	0.000000000835865
3580	0.000000000686217
3581	0.000000000542185
3582	0.000000000488082
3583	0.000000000474158
3584	0.000000000525794
3585	0.000000000892522
3586	0.000000001847541
3587	0.000000001680884
3588	0.000000002374495
3589	0.000000001033833
3590	0.000000008974992
3591	0.000000000586152
3592	0.000000024700384
3593	0.000000003484532
3594	0.000000000995860
3595	0.000000032878428
3596	0.000000002175206
3597	0.000000001430434
3598	0.000000011836982
3599	0.000000001020515
3600	0.000000001397593
3601	0.000000000884026
3602	0.000000001009099
3603	0.000000000478771
3604	0.000000009059805
3605	0.000000002010319
3606	0.000000000560402
3607	0.000000003223319
3608	0.000000000821243
3609	0.000000003770849
3610	0.000000000943863
3611	0.000000001109331
3612	0.000000000633196
3613	0.000000002285304
3614	0.000000000743184
3615	0.000000049592123
3616	0.000000001659426
3617	0.000000001993463
3618	0.000000000575688
3619	0.000000000476430
3620	0.000000000227440
3621	0.000000000698633
3622	0.000000000301731
3623	0.000000000513845
3624	0.000000000321357
3625	0.000000000398373
3626	0.000000000413610
3627	0.000000001299903
3628	0.000000000407379
3629	0.000000002162868
3630	0.000000000546083
3631	0.000000001627267
3632	0.000000000390567
3633	0.000000017914983
3634	0.000000000632433
3635	0.000000003214205
3636	0.000000000238297
3637	0.000000001341220
3638	0.000000000423134
3639	0.000000007676137
3640	0.000000000714374
3641	0.000000001214742
3642	0.000000000393472
3643	0.000000001741153
3644	0.000000000556240
3645	0.000000009282352
3646	0.000000000802449
3647	0.000000011067559
3648	0.000000001366283
3649	0.000000000565491
3650	0.000000009278164
3651	0.000000002568730
3652	0.000000000592954
3653	0.000000008921139
3654	0.000000000321500
3655	0.000000020864932
3656	0.000000002958155
3657	0.000000000716652
3658	0.000000000996136
3659	0.000000000708102
3660	0.000000001897624
3661	0.000000000496042
3662	0.000000006823158
3663	0.000000001203206
3664	0.000000002360922
3665	0.000000000287683
3666	0.000000010897776
3667	0.000000002112022
3668	0.000000000402275
3669	0.000000004590190
3670	0.000000000144720
3671	0.000000000648421
3672	0.000000000226746
3673	0.000000000466157
3674	0.000000000244192
3675	0.000000000747450
3676	0.000000000216126
3677	0.000000000553843
3678	0.000000000176332
3679	0.000000000296989
3680	0.000000000216115
3681	0.000000000176509
3682	0.000000000206362
3683	0.000000000208151
3684	0.000000000228964
3685	0.000000000873100
3686	0.000000000200105
3687	0.000000000711152
3688	0.000000000250370
3689	0.000000007117214
3690	0.000000000674206
3691	0.000000000727641
3692	0.000000000275951
3693	0.000000000344773
3694	0.000000000187850
3695	0.000000000379013
3696	0.000000000217486
3697	0.000000000348981
3698	0.000000000284854
3699	0.000000000196329
3700	0.000000000417858
3701	0.000000000219267
3702	0.000000000230663
3703	0.000000000405908
3704	0.000000000207200
3705	0.000000000289611
3706	0.000000000186396
3707	0.000000000209741
3708	0.000000000185653
3709	0.000000000204232
3710	0.000000000334717
3711	0.000000000228579
3712	0.000000000867626
3713	0.000000000240611
3714	0.000000001187782
3715	0.000000000368461
3716	0.000000001511642
3717	0.000000000456556
3718	0.000000001275498
3719	0.000000000375177
3720	0.000000001855919
3721	0.000000000531004
3722	0.000000001640613
3723	0.000000000380883
3724	0.000000001963377
3725	0.000000000480641
3726	0.000000002649395
3727	0.000000000590360
3728	0.000000000812688
3729	0.000000000392413
3730	0.000000002634730
3731	0.000000000221845
3732	0.000000016059655
3733	0.000000004930336
3734	0.000000000984965
3735	0.000000000937560
3736	0.000000000785719
3737	0.000000000792478
3738	0.000000000730420
3739	0.000000000346805
3740	0.000000001375275
3741	0.000000000122565
3742	0.000000000656341
3743	0.000000000145850
3744	0.000000000250513
3745	0.000000000172776
3746	0.000000001738691
3747	0.000000000132116
3748	0.000000000261953
3749	0.000000000895826
3750	0.000000000166668
3751	0.000000000658705
3752	0.000000000234829
3753	0.000000000433578
3754	0.000000000269357
3755	0.000000000665565
3756	0.000000000205447
3757	0.000000000693981
3758	0.000000000241957
3759	0.000000000938480
3760	0.000000000308592
3761	0.000000000482059
3762	0.000000000447853
3763	0.000000000242803
3764	0.000000000938326
3765	0.000000000141244
3766	0.000000002143650
3767	0.000000000471890
3768	0.000000000225320
3769	0.000000000546412
3770	0.000000000173955
3771	0.000000001710110
3772	0.000000000194561
3773	0.000000000326989
3774	0.000000000437472
3775	0.000000000156844
3776	0.000000000502534
3777	0.000000000134047
3778	0.000000000205563
3779	0.000000000167471
3780	0.000000000241983
3781	0.000000000123845
3782	0.000000000121537
3783	0.000000000134453
3784	0.000000000259204
3785	0.000000000156003
3786	0.000000000341923
3787	0.000000000128354
3788	0.000000000146219
3789	0.000000000154385
3790	0.000000000560395
3791	0.000000000149423
3792	0.000000000514956
3793	0.000000000184881
3794	0.000000000379557
3795	0.000000000240314
3796	0.000000000925720
3797	0.000000000163533
3798	0.000000001472770
3799	0.000000000525964
3800	0.000000000293631
3801	0.000000000287599
3802	0.000000000245090
3803	0.000000000303654
3804	0.000000000178225
3805	0.000000000220497
3806	0.000000000118164
3807	0.000000000437916
3808	0.000000000168191
3809	0.000000000250096
3810	0.000000000182797
3811	0.000000000256836
3812	0.000000000357654
3813	0.000000000147064
3814	0.000000000366226
3815	0.000000000169344
3816	0.000000000309086
3817	0.000000000236391
3818	0.000000000224600
3819	0.000000000723598
3820	0.000000000266688
3821	0.000000000224870
3822	0.000000000252032
3823	0.000000000632153
3824	0.000000000196884
3825	0.000000000275630
3826	0.000000000191106
3827	0.000000000282275
3828	0.000000000445794
3829	0.000000000150040
3830	0.000000000245499
3831	0.000000000233140
3832	0.000000000156306
3833	0.000000000960243
3834	0.000000000142538
3835	0.000000000607833
3836	0.000000000188001
3837	0.000000000715330
3838	0.000000000189385
3839	0.000000000713263
3840	0.000000000197261
3841	0.000000000640348
3842	0.000000000229577
3843	0.000000000315029
3844	0.000000000336202
3845	0.000000000386552
3846	0.000000000226261
3847	0.000000000751793
3848	0.000000000278436
3849	0.000000000542518
3850	0.000000000192709
3851	0.000000001307219
3852	0.000000000174929
3853	0.000000001176529
3854	0.000000000154735
3855	0.000000001277135
3856	0.000000000410031
3857	0.000000000496686
3858	0.000000000189403
3859	0.000000001317535
3860	0.000000000485041
3861	0.000000000224992
3862	0.000000000617944
3863	0.000000000609841
3864	0.000000000143622
3865	0.000000002310720
3866	0.000000000779894
3867	0.000000000209394
3868	0.000000000976061
3869	0.000000000159959
3870	0.000000000876211
3871	0.000000000177412
3872	0.000000001067277
3873	0.000000000336891
3874	0.000000000613654
3875	0.000000000162959
3876	0.000000000720209
3877	0.000000000088576
3878	0.000000005318874
3879	0.000000000590182
3880	0.000000000510925
3881	0.000000000177445
3882	0.000000001647359
3883	0.000000000612692
3884	0.000000000204294
3885	0.000000001052615
3886	0.000000000146582
3887	0.000000001429820
3888	0.000000000450031
3889	0.000000000468064
3890	0.000000000204971
3891	0.000000001449159
3892	0.000000000516901
3893	0.000000000203855
3894	0.000000001023763
3895	0.000000000143882
3896	0.000000001511388
3897	0.000000000429324
3898	0.000000000700914
3899	0.000000000131691
3900	0.000000002550393
3901	0.000000000409539
3902	0.000000001316216
3903	0.000000000121980
3904	0.000000000773209
3905	0.000000000225834
3906	0.000000000206867
3907	0.000000000508560
3908	0.000000000140416
3909	0.000000000551141
3910	0.000000000158634
3911	0.000000000361978
3912	0.000000000169795
3913	0.000000000255231
3914	0.000000000394110
3915	0.000000000133269
3916	0.000000000945583
3917	0.000000000186179
3918	0.000000001258883
3919	0.000000000313756
3920	0.000000000180247
3921	0.000000001127303
3922	0.000000000188340
3923	0.000000000342083
3924	0.000000000125093
3925	0.000000000317926
3926	0.000000000126507
3927	0.000000000311860
3928	0.000000000466960
3929	0.000000000146915
3930	0.000000001246719
3931	0.000000000145710
3932	0.000000001423168
3933	0.000000000412271
3934	0.000000000201282
3935	0.000000000569019
3936	0.000000000154575
3937	0.000000000917119
3938	0.000000000188620
3939	0.000000001355240
3940	0.000000000375253
3941	0.000000000155502
3942	0.000000000643087
3943	0.000000000137982
3944	0.000000000791912
3945	0.000000000296757
3946	0.000000000267980
3947	0.000000000216629
3948	0.000000001052072
3949	0.000000000194170
3950	0.000000000280134
3951	0.000000000189824
3952	0.000000000359562
3953	0.000000001295068
3954	0.000000000176820
3955	0.000000000425265
3956	0.000000000078328
3957	0.000000003662351
3958	0.000000000300771
3959	0.000000001183119
3960	0.000000000135064
3961	0.000000000352342
3962	0.000000000099041
3963	0.000000001995333
3964	0.000000000689187
3965	0.000000000163841
3966	0.000000000608911
3967	0.000000000185006
3968	0.000000000354382
3969	0.000000000150061
3970	0.000000000461958
3971	0.000000000108936
3972	0.000000002020270
3973	0.000000000616534
3974	0.000000000129752
3975	0.000000000876015
3976	0.000000000205478
3977	0.000000000768152
3978	0.000000000190788
3979	0.000000000228167
3980	0.000000000174704
3981	0.000000000273727
3982	0.000000000550100
3983	0.000000000127239
3984	0.000000001084411
3985	0.000000000132144
3986	0.000000002446642
3987	0.000000000810522
3988	0.000000000250340
3989	0.000000000702503
3990	0.000000000179913
3991	0.000000000475108
3992	0.000000000148699
3993	0.000000000718349
3994	0.000000000268495
3995	0.000000000241232
3996	0.000000000177140
3997	0.000000001191409
3998	0.000000000355308
3999	0.000000000137337
